0000000001
000000E801
0000000001
000800E801
0002002001
000A012201
0000000001
001000E201
0001082001
FF78000201
0009082001
FF80000201
0012022001
0000000001
003000E201
0042052001
003A072201
0032032201
002A042201
0022062201
0000000001
004800E201
005A0A2001
00520C2201
004A082201
0042092201
003A0B2201
0000000001
006000E201
00C000E201
0011082001
0000000001
007800E201
008A0F2001
0082112201
007A0D2201
00720E2201
006A102201
0000000001
009000E201
00A2142001
009A162201
0092122201
008A132201
0082152201
0000000001
00A800E201
001800E201
00EA1A2001
00E21B2201
00D21A3401
00CA1B2201
00C2172201
00BA182201
00B2192201
0000000001
00D800E201
00F000F201
011A1F2001
0112202201
01021F3401
00FA202201
00DA1C2201
00D21D2201
00CA1E2201
0000000001
010800E201
012000F201
014A242001
0142252201
0132243401
012A252201
010A212201
0102222201
00FA232201
0000000001
013800E201
015000F201
001A262001
015800E201
0000000001
0159082001
FF70000201
0182272001
0171082201
017800E201
0179082041
0139082201
016000C001
0187FF2241
01A000E201
0000000001
01A2272001
0181082201
018800E201
01B22B2001
01AA2C2201
01A2282201
019A292201
01922A2201
01B800E201
01B800C001
01BFFF2001
0000000001
01F000E201
01F800F201
01D1082001
01D24E2241
01FA4E2201
01C1083401
01C24E2241
01F24E8201
01F24E2201
0000000001
01C800E201
01D800F201
020000F601
02011A2001
0000000001
020800E201
021000F201
020800C001
0000000001
00022EA101
FFE1082001
00022DA101
FFE1082241
01E000E201
021000C001
01E7FF2001
FFE1082201
016800E201
01A24F2001
013A502201
0000000001
021800E201
0219082001
FF68000201
0000000001
0000000001
0000000001
0000000001
0000000001
0000000001
0000000001
0000000001
0000000001
0000000001
0000000001
0000000001
0000000001
0000000001
0000000001
0000000001
0000000001
0000000001
0000000001
0000000001
0000000001
0000000001
0000000001
0000000001
0000000001
0000000001
0000000001
0000000001
0000000001
0000000001
0000000001
0000000001
0000000001
0000000001
0000000001
0000000001
0000000001
0000000001
0000000001
0000000001
0000000001
0000000001
0000000001
0000000001
0000000001
0000000001
0000000001
0000000001
0000000001
0000000001
0000000001
0000000001
0000000001
0000000001
0000000001
0000000001
0000000001
0000000001
0000000001
0000000001
0000000001
0000000001
0000000001
0000000001
0000000001
0000000001
0000000001
0000000001
0000000001
0000000001
0000000001
0000000001
0000000001
0000000001
0000000001
0000000001
0000000001
0000000001
0000000001
0000000001
0000000001
0000000001
0000000001
0000000001
0000000001
0000000001
0000000001
0000000001
0000000001
0000000001
0000000001
0000000001
0000000001
0000000001
0000000001
0000000001
0000000001
0000000001
0000000001
0000000001
0000000001
0000000001
0000000001
0000000001
0000000001
0000000001
0000000001
0000000001
0000000001
0000000001
0000000001
0000000001
0000000001
0000000001
0000000001
0000000001
0000000001
0000000001
0000000001
0000000001
0000000001
0000000001
0000000001
0000000001
0000000001
0000000001
0000000001
0000000001
0000000001
0000000001
0000000001
0000000001
0000000001
0000000001
0000000001
0000000001
0000000001
0000000001
0000000001
0000000001
0000000001
0000000001
0000000001
0000000001
0000000001
0000000001
0000000001
0000000001
0000000001
0000000001
0000000001
0000000001
0000000001
0000000001
0000000001
0000000001
0000000001
0000000001
0000000001
0000000001
0000000001
0000000001
0000000001
0000000001
0000000001
0000000001
0000000001
0000000001
0000000001
0000000001
0000000001
0000000001
0000000001
0000000001
0000000001
0000000001
0000000001
0000000001
0000000001
0000000001
0000000001
0000000001
0000000001
0000000001
0000000001
0000000001
0000000001
0000000001
0000000001
0000000001
0000000001
0000000001
0000000001
0000000001
0000000001
0000000001
0000000001
0000000001
0000000001
0000000001
0000000001
0000000001
0000000001
0000000001
0000000001
0000000001
0000000001
0000000001
0000000001
0000000001
0000000001
0000000001
0000000001
0000000001
0000000001
0000000001
0000000001
0000000001
0000000001
0000000001
0000000001
0000000001
0000000001
0000000001
0000000001
0000000001
0000000001
0000000001
0000000001
0000000001
0000000001
0000000001
0000000001
0000000001
0000000001
0000000001
0000000001
0000000001
0000000001
0000000001
0000000001
0000000001
0000000001
0000000001
0000000001
0000000001
0000000001
0000000001
0000000001
0000000001
0000000001
0000000001
0000000001
0000000001
0000000001
0000000001
0000000001
0000000001
0000000001
0000000001
0000000001
0000000001
0000000001
0000000001
0000000001
0000000001
0000000001
0000000001
0000000001
0000000001
0000000001
0000000001
0000000001
0000000001
0000000001
0000000001
0000000001
0000000001
0000000001
0000000001
0000000001
0000000001
0000000001
0000000001
0000000001
0000000001
0000000001
0000000001
0000000001
0000000001
0000000001
0000000001
0000000001
0000000001
0000000001
0000000001
0000000001
0000000001
0000000001
0000000001
0000000001
0000000001
0000000001
0000000001
0000000001
0000000001
0000000001
0000000001
0000000001
0000000001
0000000001
0000000001
0000000001
0000000001
0000000001
0000000001
0000000001
0000000001
0000000001
0000000001
0000000001
0000000001
0000000001
0000000001
0000000001
0000000001
0000000001
0000000001
0000000001
0000000001
0000000001
0000000001
0000000001
0000000001
0000000001
0000000001
0000000001
0000000001
0000000001
0000000001
0000000001
0000000001
0000000001
0000000001
0000000001
0000000001
0000000001
0000000001
0000000001
0000000001
0000000001
0000000001
0000000001
0000000001
0000000001
0000000001
0000000001
0000000001
0000000001
0000000001
0000000001
0000000001
0000000001
0000000001
0000000001
0000000001
0000000001
0000000001
0000000001
0000000001
0000000001
0000000001
0000000001
0000000001
0000000001
0000000001
0000000001
0000000001
0000000001
0000000001
0000000001
0000000001
0000000001
0000000001
0000000001
0000000001
0000000001
0000000001
0000000001
0000000001
0000000001
0000000001
0000000001
0000000001
0000000001
0000000001
0000000001
0000000001
0000000001
0000000001
0000000001
0000000001
0000000001
0000000001
0000000001
0000000001
0000000001
0000000001
0000000001
0000000001
0000000001
0000000001
0000000001
0000000001
0000000001
0000000001
0000000001
0000000001
0000000001
0000000001
0000000001
0000000001
0000000001
0000000001
0000000001
0000000001
0000000001
0000000001
0000000001
0000000001
0000000001
0000000001
0000000001
0000000001
0000000001
0000000001
0000000001
0000000001
0000000001
0000000001
0000000001
0000000001
0000000001
0000000001
0000000001
0000000001
0000000001
0000000001
0000000001
0000000001
0000000001
0000000001
0000000001
0000000001
0000000001
0000000001
0000000001
0000000001
0000000001
0000000001
0000000001
0000000001
0000000001
0000000001
0000000001
0000000001
0000000001
0000000001
0000000001
0000000001
0000000001
0000000001
0000000001
0000000001
0000000001
0000000001
0000000001
0000000001
0000000001
0000000001
0000000001
0000000001
0000000001
0000000001
0000000001
0000000001
0000000001
0000000001
0000000001
0000000001
0000000001
0000000001
0000000001
0000000001
0000000001
0000000001
0000000001
0000000001
0000000001
0000000001
0000000001
0000000001
0000000001
0000000001
0000000001
0000000001
0000000001
0000000001
0000000001
0000000001
0000000001
0000000001
0000000001
0000000001
0000000001
0000000001
0000000001
0000000001
0000000001
0000000001
0000000001
0000000001
0000000001
0000000001
0000000001
0000000001
0000000001
0000000001
0000000001
0000000001
0000000001
0000000001
0000000001
0000000001
0000000001
0000000001
0000000001
0000000001
0000000001
0000000001
0000000001
0000000001
0000000001
0000000001
0000000001
0000000001
0000000001
0000000001
0000000001
0000000001
0000000001
0000000001
0000000001
0000000001
0000000001
0000000001
0000000001
0000000001
0000000001
0000000001
0000000001
0000000001
0000000001
0000000001
0000000001
0000000001
0000000001
0000000001
0000000001
0000000001
0000000001
0000000001
0000000001
0000000001
0000000001
0000000001
0000000001
0000000001
0000000001
0000000001
0000000001
0000000001
0000000001
0000000001
0000000001
0000000001
0000000001
0000000001
0000000001
0000000001
0000000001
0000000001
0000000001
0000000001
0000000001
0000000001
0000000001
0000000001
0000000001
0000000001
0000000001
0000000001
0000000001
0000000001
0000000001
0000000001
0000000001
0000000001
0000000001
0000000001
0000000001
0000000001
0000000001
0000000001
0000000001
0000000001
0000000001
0000000001
0000000001
0000000001
0000000001
0000000001
0000000001
0000000001
0000000001
0000000001
0000000001
0000000001
0000000001
0000000001
0000000001
0000000001
0000000001
0000000001
0000000001
0000000001
0000000001
0000000001
0000000001
0000000001
0000000001
0000000001
0000000001
0000000001
0000000001
0000000001
0000000001
0000000001
0000000001
0000000001
0000000001
0000000001
0000000001
0000000001
0000000001
0000000001
0000000001
0000000001
0000000001
0000000001
0000000001
0000000001
0000000001
0000000001
0000000001
0000000001
0000000001
0000000001
0000000001
0000000001
0000000001
0000000001
0000000001
0000000001
0000000001
0000000001
0000000001
0000000001
0000000001
0000000001
0000000001
0000000001
0000000001
0000000001
0000000001
0000000001
0000000001
0000000001
0000000001
0000000001
0000000001
0000000001
0000000001
0000000001
0000000001
0000000001
0000000001
0000000001
0000000001
0000000001
0000000001
0000000001
0000000001
0000000001
0000000001
0000000001
0000000001
0000000001
0000000001
0000000001
0000000001
0000000001
0000000001
0000000001
0000000001
0000000001
0000000001
0000000001
0000000001
0000000001
0000000001
0000000001
0000000001
0000000001
0000000001
0000000001
0000000001
0000000001
0000000001
0000000001
0000000001
0000000001
0000000001
0000000001
0000000001
0000000001
0000000001
0000000001
0000000001
0000000001
0000000001
0000000001
0000000001
0000000001
0000000001
0000000001
0000000001
0000000001
0000000001
0000000001
0000000001
0000000001
0000000001
0000000001
0000000001
0000000001
0000000001
0000000001
0000000001
0000000001
0000000001
0000000001
0000000001
0000000001
0000000001
0000000001
0000000001
0000000001
0000000001
0000000001
0000000001
0000000001
0000000001
0000000001
0000000001
0000000001
0000000001
0000000001
0000000001
0000000001
0000000001
0000000001
0000000001
0000000001
0000000001
0000000001
0000000001
0000000001
0000000001
0000000001
0000000001
0000000001
0000000001
0000000001
0000000001
0000000001
0000000001
0000000001
0000000001
0000000001
0000000001
0000000001
0000000001
0000000001
0000000001
0000000001
0000000001
0000000001
0000000001
0000000001
0000000001
0000000001
0000000001
0000000001
0000000001
0000000001
0000000001
0000000001
0000000001
0000000001
0000000001
0000000001
0000000001
0000000001
0000000001
0000000001
0000000001
0000000001
0000000001
0000000001
0000000001
0000000001
0000000001
0000000001
0000000001
0000000001
0000000001
0000000001
0000000001
0000000001
0000000001
0000000001
0000000001
0000000001
0000000001
0000000001
0000000001
0000000001
0000000001
0000000001
0000000001
0000000001
0000000001
0000000001
0000000001
0000000001
0000000001
0000000001
0000000001
0000000001
0000000001
0000000001
0000000001
0000000001
0000000001
0000000001
0000000001
0000000001
0000000001
0000000001
0000000001
0000000001
0000000001
0000000001
0000000001
0000000001
0000000001
0000000001
0000000001
0000000001
0000000001
0000000001
0000000001
0000000001
0000000001
0000000001
