"Sensitivity Excess Phase - dB SPL/watt (8 ohms. @0.50 meters) (High)"
      "Hz"  "Mag (dB)"       "deg"

2,50,-84.96
10,50,-84.96
20,   70.938,   -89.35
20.563,   71.712,   -92.27
21.141,   72.472,   -95.39
21.736,   73.234,   -98.71
22.347,   74.003,   -102.2
22.976,   74.762,   -105.9
23.622,   75.494,   -109.8
24.287,   76.201,   -113.8
24.97,   76.883,   -117.9
25.672,   77.545,   -122.1
26.394,   78.193,   -126.4
27.137,   78.817,   -130.6
27.9,   79.398,   -134.8
28.685,   79.917,   -139
29.492,   80.367,   -143
30.322,   80.764,   -147
31.175,   81.135,   -150.8
32.052,   81.493,   -154.5
32.953,   81.844,   -158.1
33.88,   82.184,   -161.5
34.833,   82.5,   -164.8
35.813,   82.783,   -167.9
36.821,   83.04,   -170.9
37.856,   83.288,   -173.8
38.921,   83.551,   -176.6
40.016,   83.835,   -179.3
41.142,   84.126,   178.12
42.299,   84.405,   175.59
43.489,   84.663,   173.13
44.712,   84.908,   170.72
45.97,   85.151,   168.36
47.263,   85.4,   166.04
48.593,   85.64,   163.76
49.96,   85.863,   161.49
51.365,   86.074,   159.24
52.81,   86.288,   157.01
54.296,   86.514,   154.78
55.823,   86.746,   152.54
57.393,   86.967,   150.31
59.008,   87.164,   148.06
60.668,   87.335,   145.8
62.374,   87.5,   143.52
64.129,   87.685,   141.22
65.933,   87.905,   138.9
67.788,   88.155,   136.55
69.695,   88.431,   134.12
71.655,   88.689,   131.72
73.671,   88.935,   129.29
75.743,   89.165,   126.83
77.874,   89.375,   124.34
80.064,   89.561,   121.83
82.317,   89.71,   119.3
84.632,   89.811,   116.75
87.013,   89.866,   114.18
89.461,   89.89,   111.59
91.977,   89.923,   109
94.565,   89.992,   106.4
97.225,   90.104,   103.8
99.96,   90.241,   101.21
102.77,   90.381,   98.623
105.66,   90.511,   96.053
108.63,   90.632,   93.502
111.69,   90.749,   90.975
114.83,   90.865,   88.476
118.06,   90.989,   86.008
121.38,   91.132,   83.575
124.8,   91.303,   81.181
128.31,   91.505,   78.827
131.92,   91.727,   76.516
135.63,   91.952,   74.249
139.45,   92.153,   72.027
143.37,   92.291,   69.85
147.4,   92.313,   67.72
151.55,   92.187,   65.636
155.81,   91.938,   63.596
160.19,   91.683,   61.589
164.7,   91.555,   59.637
169.33,   91.65,   57.727
174.1,   91.942,   55.858
178.99,   92.316,   54.028
184.03,   92.662,   52.235
189.21,   92.934,   50.478
194.53,   93.153,   48.755
200,   93.354,   47.064
205.63,   93.556,   45.403
211.41,   93.768,   43.703
217.36,   93.979,   42.093
223.47,   94.196,   40.507
229.76,   94.42,   38.945
236.22,   94.647,   37.404
242.87,   94.872,   35.882
249.7,   95.088,   34.377
256.72,   95.27,   32.89
263.94,   95.369,   31.417
271.37,   95.341,   29.958
279,   95.174,   28.478
286.85,   94.879,   27.04
294.92,   94.51,   25.613
303.22,   94.166,   24.195
311.75,   93.973,   22.784
320.52,   94.004,   21.37
329.53,   94.189,   19.972
338.8,   94.357,   18.58
348.33,   94.431,   17.191
358.13,   94.575,   15.807
368.21,   95.017,   14.423
378.56,   95.832,   13.044
389.21,   96.841,   11.667
400.16,   97.678,   10.291
411.42,   98.076,   8.917
422.99,   98.042,   7.5376
434.89,   97.819,   6.1654
447.12,   97.684,   4.794
459.7,   97.758,   3.4236
472.63,   97.987,   2.0543
485.93,   98.264,   0.6865
499.6,   98.543,   -0.679
513.65,   98.819,   -2.043
528.1,   99.054,   -3.403
542.96,   99.176,   -4.758
558.23,   99.136,   -6.108
573.93,   98.946,   -7.451
590.08,   98.649,   -8.784
606.68,   98.273,   -10.11
623.74,   97.782,   -11.42
641.29,   97.124,   -12.73
659.33,   96.35,   -14
677.88,   95.608,   -15.25
696.95,   95.069,   -16.48
716.55,   94.819,   -17.67
736.71,   94.829,   -18.83
757.43,   94.985,   -19.95
778.74,   95.209,   -21.03
800.64,   95.485,   -22.06
823.17,   95.788,   -23.03
846.32,   96.11,   -23.94
870.13,   96.406,   -24.78
894.61,   96.582,   -25.56
919.77,   96.594,   -26.26
945.65,   96.463,   -26.89
972.25,   96.284,   -27.43
999.6,   96.161,   -27.9
1027.7,   96.123,   -28.29
1056.6,   96.11,   -28.6
1086.3,   96.029,   -28.84
1116.9,   95.812,   -29.02
1148.3,   95.466,   -29.14
1180.6,   95.087,   -29.22
1213.8,   94.84,   -29.27
1248,   94.891,   -29.3
1283.1,   95.292,   -29.31
1319.2,   95.905,   -29.31
1356.3,   96.469,   -29.33
1394.5,   96.768,   -29.36
1433.7,   96.753,   -29.4
1474,   96.592,   -29.47
1515.5,   96.526,   -29.56
1558.1,   96.67,   -29.67
1601.9,   96.962,   -29.82
1647,   97.252,   -30
1693.3,   97.47,   -30.22
1741,   97.702,   -30.48
1789.9,   98.091,   -30.78
1840.3,   98.685,   -31.13
1892.1,   99.371,   -31.52
1945.3,   99.954,   -31.96
2000,   100.29,   -32.42
2056.3,   100.36,   -32.9
2114.1,   100.23,   -33.4
2173.6,   99.941,   -33.88
2234.7,   99.518,   -34.35
2297.6,   98.999,   -34.79
2362.2,   98.456,   -35.2
2428.7,   98.033,   -35.59
2497,   97.95,   -35.95
2567.2,   98.351,   -36.29
2639.4,   99.148,   -36.63
2713.7,   100.08,   -36.95
2790,   100.79,   -37.27
2868.5,   100.94,   -37.57
2949.2,   100.33,   -37.88
3032.2,   99.115,   -38.2
3117.5,   97.67,   -38.55
3205.2,   96.421,   -38.93
3295.3,   95.58,   -39.34
3388,   95.135,   -39.78
3483.3,   94.953,   -40.23
3581.3,   94.928,   -40.65
3682.1,   95.054,   -41.06
3785.6,   95.284,   -41.45
3892.1,   95.593,   -41.84
4001.6,   95.9,   -42.24
4114.2,   96.168,   -42.61
4229.9,   96.341,   -42.94
4348.9,   96.419,   -43.22
4471.2,   96.465,   -43.48
4597,   96.633,   -43.77
4726.3,   96.983,   -44.12
4859.3,   97.479,   -44.52
4996,   98.01,   -44.88
5136.5,   98.5,   -45.15
5281,   98.898,   -45.35
5429.6,   99.106,   -45.54
5582.3,   98.887,   -45.79
5739.3,   98.033,   -46.06
5900.8,   96.65,   -46.32
6066.8,   95.064,   -46.56
6237.4,   93.584,   -46.79
6412.9,   92.465,   -47.02
6593.3,   91.766,   -47.21
6778.8,   91.333,   -47.34
6969.5,   90.897,   -47.46
7165.5,   90.121,   -47.6
7367.1,   88.749,   -47.76
7574.3,   86.809,   -47.9
7787.4,   84.603,   -48.01
8006.4,   82.374,   -48.11
8231.7,   80.155,   -48.2
8463.2,   77.841,   -48.27
8701.3,   75.318,   -48.32
8946.1,   72.749,   -48.4
9197.7,   70.585,   -48.51
9456.5,   69.23,   -48.5
9722.5,   68.822,   -48.44
9996,   69.15,   -48.59
10277,   69.715,   -48.74
10566,   70.12,   -48.74
10863,   70.18,   -48.72
11169,   70.051,   -48.77
11483,   70.21,   -48.94
11806,   71.231,   -48.86
12138,   73.239,   -48.81
12480,   75.697,   -49.09
12831,   77.986,   -49.06
13192,   79.76,   -49.06
13563,   80.896,   -49.21
13945,   81.3,   -49.25
14337,   80.783,   -49.2
14740,   79.083,   -49.45
15155,   76.329,   -49.44
15581,   73.243,   -49.63
16019,   70.599,   -49.77
16470,   68.788,   -49.86
16933,   67.636,   -50.01
17410,   66.67,   -50.08
17899,   65.637,   -50.25
18403,   64.458,   -50.4
18921,   62.981,   -50.54
19453,   61.219,   -50.7
20000,   59.512,   -50.88
