"Sensitivity Excess Phase - dB SPL/watt (8 ohms. @0.50 meters) (High)"
      "Hz"  "Mag (dB)"       "deg"
20,-15.82,-84.96
20.563,-15.07,-87.08
21.141,-14.34,-89.33
21.736,-13.62,-91.74
22.347,-12.9,-94.28
22.976,-12.2,-96.96
23.622,-11.53,-99.75
24.287,-10.89,-102.6
24.97,-10.27,-105.5
25.672,-9.684,-108.5
26.394,-9.119,-111.5
27.137,-8.583,-114.5
27.9,-8.088,-117.4
28.685,-7.649,-120.1
29.492,-7.268,-122.6
30.322,-6.934,-124.9
31.175,-6.626,-127
32.052,-6.333,-128.9
32.953,-6.05,-130.6
33.88,-5.779,-132.1
34.833,-5.528,-133.4
35.813,-5.301,-134.4
36.821,-5.092,-135.1
37.856,-4.888,-135.5
38.921,-4.672,-135.8
40.016,-4.436,-136
41.142,-4.2,-136
42.299,-3.967,-135.8
43.489,-3.743,-135.3
44.712,-3.519,-134.5
45.97,-3.295,-133.5
47.263,-3.052,-132.3
48.593,-2.801,-130.9
49.96,-2.541,-129.2
51.365,-2.265,-127.3
52.81,-1.965,-125.1
54.296,-1.639,-122.8
55.823,-1.285,-120.3
57.393,-0.902,-117.7
59.008,-0.483,-114.7
60.668,-0.02,-111.5
62.374,0.4876,-108.3
64.129,1.0351,-105
65.933,1.614,-101.9
67.788,2.2213,-98.92
69.695,2.8484,-95.94
71.655,3.5237,-92.97
73.671,4.2375,-90.03
75.743,4.9897,-87.13
77.874,5.7784,-84.32
80.064,6.6024,-81.6
82.317,7.4614,-79.01
84.632,8.3532,-76.56
87.013,9.2702,-74.29
89.461,10.2,-72.21
91.977,11.138,-70.32
94.565,12.055,-68.56
97.225,12.963,-66.91
99.96,13.865,-65.36
102.77,14.768,-63.89
105.66,15.676,-62.49
108.63,16.583,-61.17
111.69,17.491,-59.9
114.83,18.399,-58.68
118.06,19.307,-57.5
121.38,20.215,-56.35
124.8,21.122,-55.21
128.31,22.031,-54.08
131.92,22.943,-52.97
135.63,23.86,-51.88
139.45,24.796,-50.9
143.37,25.73,-49.9
147.4,26.674,-48.96
151.55,27.627,-48.08
155.81,28.587,-47.26
160.19,29.557,-46.44
164.7,30.531,-45.62
169.33,31.511,-44.79
174.1,32.501,-43.99
178.99,33.502,-43.24
184.03,34.513,-42.58
189.21,35.535,-42.02
194.53,36.566,-41.58
200,37.603,-41.24
205.63,38.646,-41.02
211.41,39.694,-40.93
217.36,40.741,-40.96
223.47,41.786,-41.12
229.76,42.825,-41.4
236.22,43.856,-41.8
242.87,44.874,-42.31
249.7,45.88,-42.88
256.72,46.871,-43.51
263.94,47.848,-44.16
271.37,48.811,-44.81
279,49.767,-45.46
286.85,50.715,-46.04
294.92,51.661,-46.55
303.22,52.612,-46.99
311.75,53.574,-47.36
320.52,54.556,-47.72
329.53,55.557,-48.05
338.8,56.586,-48.43
348.33,57.644,-48.92
358.13,58.731,-49.58
368.21,59.846,-50.49
378.56,60.982,-51.75
389.21,62.128,-53.44
400.16,63.263,-55.66
411.42,64.352,-58.48
422.99,65.339,-61.88
434.89,66.198,-65.44
447.12,66.938,-68.59
459.7,67.614,-71.02
472.63,68.285,-72.84
485.93,68.98,-74.39
499.6,69.697,-75.89
513.65,70.414,-77.4
528.1,71.119,-78.85
542.96,71.813,-80.09
558.23,72.51,-81.01
573.93,73.23,-81.69
590.08,73.983,-82.24
606.68,74.758,-82.88
623.74,75.524,-83.72
641.29,76.252,-84.58
659.33,76.934,-85.1
677.88,77.597,-84.97
696.95,78.29,-84.05
716.55,79.076,-82.4
736.71,80.01,-80.22
757.43,81.133,-77.86
778.74,82.453,-75.86
800.64,83.962,-74.64
823.17,85.625,-74.63
846.32,87.367,-76.31
870.13,89.056,-79.94
894.61,90.517,-85
919.77,91.675,-90.05
945.65,92.647,-93.74
972.25,93.657,-95.76
999.6,94.901,-96.62
1027.7,96.485,-97.36
1056.6,98.41,-99.45
1086.3,100.56,-104.3
1116.9,102.69,-112.5
1148.3,104.53,-123.4
1180.6,106,-135.2
1213.8,107.24,-147
1248,108.37,-158.9
1283.1,109.4,-171.7
1319.2,110.16,173.98
1356.3,110.48,159.15
1394.5,110.34,145.7
1433.7,110.05,134.68
1474,109.88,125.04
1515.5,109.83,114.55
1558.1,109.53,102.33
1601.9,108.72,90.487
1647,107.58,81.347
1693.3,106.4,74.444
1741,105.12,67.896
1789.9,103.43,62.123
1840.3,101.49,63.795
1892.1,100.16,78.446
1945.3,100.29,95.155
2000,101.74,100.39
2056.3,103.37,96.227
2114.1,104.2,89.162
2173.6,104.45,84.721
2234.7,104.69,81.423
2297.6,104.86,77.515
2362.2,105.02,75.007
2428.7,105.48,72.767
2497,105.95,67.554
2567.2,105.97,61.73
2639.4,105.96,57.732
2713.7,106,52.298
2790,105.37,47.375
2868.5,104.78,48.552
2949.2,105.1,50.113
3032.2,105.51,47.203
3117.5,105.63,44.785
3205.2,105.75,42.382
3295.3,105.8,41.893
3388,106.44,40.094
3483.3,106.79,34.727
3581.3,107.11,30.307
3682.1,107.09,22.1
3785.6,106.31,19.435
3892.1,106.32,19.307
4001.6,106.33,17.187
4114.2,106.44,14.568
4229.9,106.39,12.285
4348.9,106.5,9.6642
4471.2,106.43,8.5832
4597,106.72,6.2047
4726.3,106.72,4.2558
4859.3,107.11,1.7308
4996,107.41,-1.59
5136.5,107.75,-5.203
5281,108.16,-11.09
5429.6,108.14,-17.47
5582.3,107.93,-24.01
5739.3,107.67,-28.84
5900.8,107.32,-33.71
6066.8,106.95,-37.29
6237.4,106.72,-41.41
6412.9,106.32,-46.18
6593.3,105.7,-50.34
6778.8,105.09,-52.94
6969.5,104.53,-54.35
7165.5,104.13,-55.04
7367.1,103.84,-56.05
7574.3,103.53,-57.89
7787.4,103.17,-59.89
8006.4,102.78,-60.93
8231.7,102.46,-60.57
8463.2,102.27,-60.02
8701.3,102.2,-60.34
8946.1,102.26,-60.68
9197.7,102.43,-60.31
9456.5,102.73,-61.54
9722.5,102.99,-64.92
9996,103.21,-68.6
10277,103.36,-71.25
10566,103.54,-75.44
10863,103.7,-80.96
11169,103.75,-86.73
11483,103.62,-92.81
11806,103.3,-99.97
12138,102.81,-106.6
12480,101.98,-111.7
12831,101.09,-116.3
13192,100.09,-119.6
13563,99.022,-120.4
13945,98.037,-118.5
14337,97.657,-112.3
14740,98.292,-103.7
15155,99.817,-101.1
15581,101.6,-109.2
16019,102.73,-123.9
16470,102.79,-140.7
16933,101.86,-155.8
17410,100.51,-167.7
17899,99.03,-176.4
18403,97.605,175.79
18921,96.02,167.7
19453,94.202,159.7
20000,92.145,154
