1111111111110110000010000010000000000001
0000000000000000000000001110001000000001
1111111111110110000011110010000000000001
0000000000001000000000001110001000000001
1111111111110010000000000010000000000001
0000000000010000000000001110001000000001
1111111111110110000101010010000000000001
0000000000011000000000001110001000000001
0000000000000000000000000000000000000001
0000000000100000000000001110100000000001
0000000000000000000000000000000000000001
0000000000101000000000001110100000000001
0000000000000000000000000000000000000001
0000000000110000000000001110100000000001
0000000000000000000000000000000000000001
0000000000111000000000001110100000000001
0000000000000000000000000000000000000001
0000000001000000000000001110100000000001
0000000000000000000000000000000000000001
0000000001001000000000001110100000000001
1111111111110010000000010010000000000001
0000000001010000000000001110001000000001
1111111111110110000101100010000000000001
0000000001011000000000001110001000000001
1111111111110110000101110010000000000001
0000000001100000000000001110001000000001
1111111111110110000110000010000000000001
0000000001101000000000001110001000000001
0000000000101010000000100010000000000001
0000000000100010000000100100000000000001
0000000001000010000000110010001000000001
0000000001001010000000110100010000000001
0000000000000000000000000000000000000001
0000000001110000000000001110001000000001
0000000001111000000000001110010000000001
0000000001011001000010000010000000000001
0000000010001000000000001110001000000001
0000000010001000000000001100000000000001
0000000001010111111111110010000000000001
0000000010000000000000001110001000000001
0000000000000000000000000000000000000001
0000000001100001000010000010000000000001
0000000010010000000000001110001000000001
0000000000001001000010000010000000000001
0000000010001000000000001110001000000001
0000000010001000000000001100000000000001
0000000000010111111111110010000000000001
0000000010011000000000001110001000000001
0000000000010001000010000010000000000001
0000000010001000000000001110001000000001
0000000010001000000000001100000000000001
0000000000000111111111110010000000000001
0000000010100000000000001110001000000001
1111111111110001000010000110000000000001
0000000000001001000010000100000000000001
1111111111101001000010000010000000001001
0000000010110000000000001110001000000001
0000000000000000000000000000000000000001
0000000010110000000000001110011000100100
0000000000000001000010000100000000001001
0000000010110000000000001100000000000001
0000000000000111111111111010000000000001
1111111111101001000010000010001000000001
1111111111101001000010000010011000100100
1111111111110001000010000100000000000001
0000000010101000000000001110111000000001
0000000001111000000000001100000000000001
0000000001111111111111110010000000000001
0000000000000000000000000000000000000001
0000000011101000000000001110001000000001
0000000011110000000000001111001000000001
0000000011001001000010000010000000000001
0000000011001010000001000010001001000001
0000000011110010000001000010001000000001
0000000010111001000010000011010000000001
0000000010111010000001000010001001000001
0000000011101010000001000010001000000001
0000000000000000000000000000000000000001
0000000011000000000000001110001000000001
0000000011010000000000001111001000000001
0000000011000001000011000010000000000001
0000000011011000000000001111001000000001
0000000001111001000010000010000000000001
0000000100111000000000001110001000000001
0000000001111001000010000010000000000001
0000000001111001000011000010000000000001
0000000011100000000000001111001000000001
0000000011100001000001000010000000000001
0000000011011001000010000010000000000001
0000000011010001000010000010000000000001
0000000001110000000000001100000000000001
0000000001110111111111110010000000000001
0000000000000000000000000000000000000001
0000000011101000000000001110001000000001
0000000011110000000000001111001000000001
0000000100001001000010000010000000000001
0000000100001010000001110010001001000001
0000000011110010000001110010001000000001
0000000011111001000010000011010000000001
0000000011111010000001110010001001000001
0000000011101010000001110010001000000001
0000000000000000000000000000000000000001
0000000100000000000000001110001000000001
0000000100010000000000001111001000000001
0000000100000001000011000010000000000001
0000000100011000000000001111001000000001
0000000001110001000010000010000000000001
0000000101110000000000001110001000000001
0000000001110001000010000010000000000001
0000000001110001000011000010000000000001
0000000100100000000000001111001000000001
0000000100100001000001000010000000000001
0000000100011001000010000010000000000001
0000000100010001000010000010000000000001
0000000000010001000010000010000000000001
0000000010001000000000001110001000000001
0000000010001000000000001100000000000001
0000000010101111111111110010000000000001
0000000100101000000000001110001000000001
0000000101010010000010100010000000000001
0000000101000010000010100011010000000001
0000000100110001000010000010001001000001
0000000100111001000010000010001000000001
0000000101001000000000001110001000000001
0000000000000000000000000000000000000001
0000000101011000000000001111001000000001
0000000110001010000010110010000000000001
0000000101111010000010110011010000000001
0000000101101001000010000010001001000001
0000000101110001000010000010001000000001
0000000110000000000000001110001000000001
0000000000000000000000000000000000000001
0000000110010000000000001111001000000001
0000000000011001000010000010000000000001
0000000110110001000010000010001001000001
0000000111010000000000001110001000000001
0000000111000001000010000010000000000001
0000000110110001000010000011010000000001
0000000111010010000011000010001000000001
0000000110111000000000001110001000000001
0000000110111000000000001100000000000001
0000000111001000000000001111001000000001
0000000110000111111111110010000000000001
0000000110100000000000001110001000000001
0000000101001111111111110010000000000001
0000000110101000000000001110001000000001
0000000000011001000010000010000000000001
0000000111101001000010000010001001000001
0000001000001000000000001110001000000001
0000000111111001000010000010000000000001
0000000111101001000010000011010000000001
0000001000001010000011010010001000000001
0000000111110000000000001110001000000001
0000000111110000000000001100000000000001
0000001000000000000000001111001000000001
0000000110100111111111110010000000000001
0000000111011000000000001110001000000001
0000000110101111111111110010000000000001
0000000111100000000000001110001000000001
0000000110000001000010000010000000000001
0000000101001001000010000010001000000001
0000000000000000000000000000000000000001
0000001000010000000000001110001000000001
0000001000010001000010000010000000000001
0000000000000000000000000000000000000001
0000001000100000000000001111000000000001
1111111111110010000100000011000001001001
1111111111110001000001000010000000000001
0000001000101010000011100010000000100111
0000001000110000000000001110001000000001
1111111111110010000011110010001001001001
1111111111101001000010000010000000000001
1111111111110001000010000010000000100111
0000001000011000000000001110001000000001
1111111111110010000100010010000000000001
0000001001001001000010000010001001000001
0000001001101000000000001110001000000001
0000001001011001000010000010000000000001
0000001001001001000010000011010000000001
0000001001101010000100100010001000000001
0000001001010000000000001110001000000001
0000001001010000000000001100000000000001
0000001001100000000000001111001000000001
0000000000000000000000000000000000000001
0000000110000111111111110010000000000001
0000001000111000000000001110001000000001
0000000101001111111111110010000000000001
0000001001000000000000001110001000000001
0000000000000000000000000000000000000001
0000001000011001000010000010000000001001
1111111111110010000100110010000000000001
1111111111101001000010000010000000100110
0000001001110000000000001110001000000001
0000001000111001000010000010000000000001
1111111100101000000000000000001000000001
0000001001000001000010000010000000000001
1111111100110000000000000000001000000001
0000000111011010000101000010000000000001
0000000111100010000101010010001000000001
0000001001111000000000001110001000000001
0000000111100001000010000010000000000001
0000001010001000000000001110001000000001
0000001001111001000010000010000000000001
0000001010010000000000001110001000000001
0000000100101000000000001100000000000001
0000000000000111111111111010000000000001
0000000000000000000000000000000000000001
0000001010001001000010000010000010000001
0000001010000000000000001110001000000001
0000000111011001000010000010000000000001
0000001010100000000000001110001000000001
0000001001111001000010000010000000000001
0000001010101000000000001110001000000001
0000000100101000000000001100000000000001
0000000000000111111111111010000000000001
0000000000000000000000000000000000000001
0000001010100001000010000010000010000001
0000001010011000000000001110001000000001
0000001010000010000101100010000000000001
0000001010110000000000001110001000000001
0000000111011001000010000010000000000001
0000001011010000000000001110001000000001
0000000111100001000010000010000000000001
0000001011011000000000001110001000000001
0000001010011001000010000010000000000001
0000001011100000000000001110001000000001
0000001010011001000010000010000000000001
0000001011101000000000001110001000000001
0000000010011001000001110010000000000001
0000001011001000000000001110001000000001
0000001011001000000000001100000000000001
0000000000000111111111111010000000000001
0000000000000000000000000000000000000001
0000001011010001000010000010000010000001
0000001010111000000000001110001000000001
0000001011011001000010000010000010000001
0000001011000000000000001110001000000001
0000000111011001000010000010000000000001
0000001100000000000000001110001000000001
0000000111100001000010000010000000000001
0000001100001000000000001110001000000001
0000001010110001000010000010000000000001
0000001100010000000000001110001000000001
0000001010110001000010000010000000000001
0000001100011000000000001110001000000001
0000000010100001000001110010000000000001
0000001011001000000000001110001000000001
0000001011001000000000001100000000000001
0000000000000111111111111010000000000001
0000000000000000000000000000000000000001
0000001100000001000010000010000010000001
0000001011110000000000001110001000000001
0000001100001001000010000010000010000001
0000001011111000000000001110001000000001
0000001011000010000101110010000000000001
0000001100100000000000001110001000000001
0000000000000000000000000000000000000001
0000001010111010000110000010000000000001
0000001100101000000000001110001000000001
0000000000000000000000000000000000000001
0000001011110010000110010010000000000001
0000001100110000000000001110001000000001
0000000000000000000000000000000000000001
0000001011111010000110100010000000000001
0000001100111000000000001110001000000001
0000000000000000000000000000000000000001
1111111111110010000110110010000000000001
0000001101010001000010000010001001000001
0000001101110000000000001110001000000001
0000001101100001000010000010000000000001
0000001101010001000010000011010000000001
0000001101110010000111000010001000000001
0000001101011000000000001110001000000001
0000001101011000000000001100000000000001
0000001101101000000000001111001000000001
0000000000000000000000000000000000000001
0000001100101111111111110010000000000001
0000001101000000000000001110001000000001
0000001100100111111111110010000000000001
0000001101001000000000001110001000000001
0000000000000000000000000000000000000001
1111111111110010000111010010000000000001
0000001110001001000010000010001001000001
0000001110101000000000001110001000000001
0000001110011001000010000010000000000001
0000001110001001000010000011010000000001
0000001110101010000111100010001000000001
0000001110010000000000001110001000000001
0000001110010000000000001100000000000001
0000001110100000000000001111001000000001
0000000000000000000000000000000000000001
0000001100110111111111110010000000000001
0000001101111000000000001110001000000001
0000001100111111111111110010000000000001
0000001110000000000000001110001000000001
0000000000000000000000000000000000000001
0000001001110001000010000010000000000001
0000001111010001000010000010001001000001
0000001111110000000000001110001000000001
0000001111100001000010000010000000000001
0000001111010001000010000011010000000001
0000001111110010000111110010001000000001
0000001111011000000000001110001000000001
0000001111011000000000001100000000000001
0000001111101000000000001111001000000001
0000001101000111111111110010000000000001
0000001110110000000000001110001000000001
0000001101001111111111110010000000000001
0000001110111000000000001110001000000001
0000001101111111111111110010000000000001
0000001111000000000000001110001000000001
0000001110000111111111110010000000000001
0000001111001000000000001110001000000001
0000000010010001000010000010000000000001
0000001111111001000010000010001001000001
0000010000011000000000001110001000000001
0000010000001001000010000010000000000001
0000001111111001000010000011010000000001
0000010000011010001000000010001000000001
0000010000000000000000001110001000000001
0000010000000000000000001100000000000001
0000010000010000000000001111001000000001
0000001110110111111111110010000000000001
0000010010011000000000001110001000000001
0000001110111010001000010010000000000001
0000010000100000000000001110001000000001
1111111111110010001000100010000000000001
0000010000110001000010000010001001000001
0000010001010000000000001110001000000001
0000010001000001000010000010000000000001
0000010000110001000010000011010000000001
0000010001010010001000110010001000000001
0000010000111000000000001110001000000001
0000010000111000000000001100000000000001
0000010001001000000000001111001000000001
0000000000000000000000000000000000000001
0000001111000111111111110010000000000001
0000010000101000000000001110001000000001
0000000000000000000000000000000000000001
0000010000100001000010000010000000000001
1111111101110000000000000000001000000001
1111111111110010001001000010000000000001
0000010001100001000010000010001001000001
0000010010000000000000001110001000000001
0000010001110001000010000010000000000001
0000010001100001000010000011010000000001
0000010010000010001001010010001000000001
0000010001101000000000001110001000000001
0000010001101000000000001100000000000001
0000010001111000000000001111001000000001
0000000000000000000000000000000000000001
0000001111001111111111110010000000000001
0000010001011000000000001110001000000001
0000000000000000000000000000000000000001
0000010011000010001010010010000000000001
0000010010111010001010100010001000000001
0000010010101010001010010011010000000001
0000010010100010001010100010001000000001
0000010010011010001001100010001000000001
0000010010010010001001110010001000000001
0000010010001010001010000010001000000001
0000000000000000000000000000000000000001
0000010010110000000000001110001000000001
0000010011001000000000001111001000000001
0000010011110010001011100010000000000001
0000010011101010001011110010001000000001
0000010011011010001011100011010000000001
0000010011010010001011110010001000000001
0000010010110010001010110010001000000001
0000010010101010001011000010001000000001
0000010010100010001011010010001000000001
0000000000000000000000000000000000000001
0000010011100000000000001110001000000001
0000010011111000000000001111001000000001
0000010100100010001100110010000000000001
0000010100011010001101000010001000000001
0000010100001010001100110011010000000001
0000010100000010001101000010001000000001
0000010011100010001100000010001000000001
0000010011011010001100010010001000000001
0000010011010010001100100010001000000001
0000000000000000000000000000000000000001
0000010100010000000000001110001000000001
0000010100101000000000001111001000000001
0000000001101001000010000010000000000001
0000010100111001000010000010001001000001
0000010101011000000000001110001000000001
0000010101001001000010000010000000000001
0000010100111001000010000011010000000001
0000010101011010001101010010001000000001
0000010101000000000000001110001000000001
0000010101000000000000001100000000000001
0000010101010000000000001111001000000001
0000010001011111111111110010000000000001
0000010100110000000000001110001000000001
0000010101101010001110010010000000000001
0000010101100010001110100010001000000001
0000010100010010001101100010001000000001
0000010100001010001101110010001000000001
0000010100000010001110000010001000000001
0000010101110000000000001110001000000001
1111111111110010001110110010000000000001
0000010101111001000010000010001001000001
0000010110011000000000001110001000000001
0000010110001001000010000010000000000001
0000010101111001000010000011010000000001
0000010110011001000101000010001000000001
0000010110000000000000001110001000000001
0000010110000000000000001100000000000001
0000010110010000000000001111001000000001
0000010000101111111111110010000000000001
0000010100110111111111110010001000000001
0000000000000000000000000000000000000001
0000010110111000000000001110001000000001
0000010101110001000010000010000000000001
1111111101101000000000000000001000000001
0000000010000010001111000010000000000001
0000010110100000000000001110001000000001
0000010110100000000000001100000000000001
0000000000000000000000000000000000000001
0000010111100010010000000010000100000001
0000010111011010010000010010001100000001
0000010111001010010000000011010100000001
0000010111000010010000010010001100000001
0000010110111010001111010010001100000001
0000010110110010001111100010001100000001
0000010110101010001111110010001100000001
0000000000000000000000000000000000000001
0000010111010000000000001110001000000001
0000010111101000000000001111001000000001
0000010111111010110100010010000000000001
0000010111110010110100100010001000000001
0000010110111010110011100010001000000001
0000010110110010110011110010001000000001
0000010110101010110100000010001000000001
0000011000000000000000001110001000000001
0000011000010010110101100010000000000001
0000011000001010110101110010001000000001
0000011000000010110100110010001000000001
0000010111111010110101000010001000000001
0000010111110010110101010010001000000001
0000011000011000000000001110001000000001
0000011000101010110110110010000000000001
0000011000100010110111000010001000000001
0000011000011010110110000010001000000001
0000011000010010110110010010001000000001
0000011000001010110110100010001000000001
0000011000110000000000001110001000000001
0000011001000010111000000010000000000001
0000011000111010111000010010001000000001
0000010111010010110111010010001000000001
0000010111001010110111100010001000000001
0000010111000010110111110010001000000001
0000011001001000000000001110001000000001
0000010111010000000000001100000000000001
0000010111010111111111110010000000000001
0000000000000000000000000000000000000001
0000000011101000000000001110001000000001
0000000011110000000000001111001000000001
0000011001100001000010000010000000000001
0000011001100010111000100010001001000001
0000000011110010111000100010001000000001
0000011001010001000010000011010000000001
0000011001010010111000100010001001000001
0000000011101010111000100010001000000001
0000000000000000000000000000000000000001
0000011001011000000000001110001000000001
0000011001101000000000001111001000000001
0000011001011001000011000010000000000001
0000011001110000000000001111001000000001
0000010111010001000010000010000000000001
0000011010000000000000001110001000000001
0000010111010001000010000010000000000001
0000010111010001000011000010000000000001
0000011001111000000000001111001000000001
0000011001111001000001000010000000000001
0000011001110001000010000010000000000001
0000011001101001000010000010000000000001
0000011010101010111001010010000000000001
0000011010011001000010000010001000000001
0000011010100000000000001110001000000001
0000011010100001000010000010000001000001
0000011010000001000010000010001000000001
0000011010001000000000001100000000000001
0000011010101111111111110010001001000001
0000011101001000000000001110001000000001
0000000000000000000000000000000000000001
0000011101001010111001010010000000000001
0000011010101001000010000010001000000001
0000011010110000000000001110001000000001
0000011011010010111010010010000000000001
0000011011001010111010100010001000000001
0000011101001010111001100010001000000001
0000011011000010111001110010001000000001
0000011010111010111010000010001000000001
0000011011011000000000001110001000000001
0000011011011000000000001100000000000001
0000011011011111111111110010000000000001
0000000000000000000000000000000000000001
0000011100010000000000001110001000000001
0000011100011000000000001111001000000001
0000011011110001000010000010000000000001
0000011011110011000011000010001001000001
0000011100011011000011000010001000000001
0000011011100001000010000011010000000001
0000011011100011000011000010001001000001
0000011100010011000011001000001000000001
0000011100010011000011000010001000000001
0000000000000000000000000000000000000001
0000011011101000000000001110001000000001
0000011011111000000000001111001000000001
0000011100100000000000001111011000000001
0000011100100001000110100010000000000001
0000000000000000000000000000000000000001
0000011100101000000000001110001000000001
0000011100110000000000001111001000000001
0000011100101000000000001100000000000001
0000000000000000000000000000000000000001
0000000000000010111011001010000100000001
1111111111100001000010000010000000000001
0000000000000010111010111010000100000001
1111111111100001000010000010001001000001
0000011100000000000000001110001000000001
0000011100110000000000001100000000000001
0000011100000111111111110010000000000001
1111111111100001000010000010001000000001
0000011010010000000000001110001000000001
0000011101011011000100000010000000000001
0000011101010011000100010010001000000001
0000011101001011000011010010001000000001
0000011101000011000011100010001000000001
0000011100111011000011110010001000000001
0000011101100000000000001110001000000001
1111111111110011000100100010000000000001
0000011101110001000010000010001001000001
0000011110010000000000001110001000000001
0000011110000001000010000010000000000001
0000011101110001000010000011010000000001
0000011110010011000100110010001000000001
0000011101111000000000001110001000000001
0000011101111000000000001100000000000001
0000011110001000000000001111001000000001
0000000000000000000000000000000000000001
0000011000110111111111110010000000000001
0000011101101000000000001110001000000001
0000000000000000000000000000000000000001
0000010111010011000101000010000000000001
0000011001001011000101010010001000000001
0000011101100011000101100010001000000001
0000011110110000000000001110001000000001
0000011101101011000101110010000000000001
0000011110011000000000001110001000000001
0000000000000000000000000000000000000001
0000011111011011000110110010000000000001
0000011111010011000111000010001000000001
0000011111000011000110110011010000000001
0000011110111011000111000010001000000001
0000011110110011000110000010001000000001
0000011110101011000110010010001000000001
0000011110100011000110100010001000000001
0000000000000000000000000000000000000001
0000011111001000000000001110001000000001
0000011111100000000000001111001000000001
0000100000001011001000000010000000000001
0000100000000011001000010010001000000001
0000011111110011001000000011010000000001
0000011111101011001000010010001000000001
0000011111001011000111010010001000000001
0000011111000011000111100010001000000001
0000011110111011000111110010001000000001
0000000000000000000000000000000000000001
0000011111111000000000001110001000000001
0000100000010000000000001111001000000001
0000100000111011001001010010000000000001
0000100000110011001001100010001000000001
0000100000100011001001010011010000000001
0000100000011011001001100010001000000001
0000011111111011001000100010001000000001
0000011111110011001000110010001000000001
0000011111101011001001000010001000000001
0000000000000000000000000000000000000001
0000100000101000000000001110001000000001
0000100001000000000000001111001000000001
0000011110011001000010000010000000000001
1111111110000000000000000000001000000001
0000100001010011001010100010000000000001
0000100001001011001010110010001000000001
0000100000101011001001110010001000000001
0000100000100011001010000010001000000001
0000100000011011001010010010001000000001
0000100001011000000000001110001000000001
0000100001101011001011110010000000000001
0000100001100011001100000010001000000001
0000100001011011001011000010001000000001
0000100001010011001011010010001000000001
0000100001001011001011100010001000000001
0000100001110000000000001110001000000001
0000100010000011001101000010000000000001
0000100001111011001101010010001000000001
0000100001110011001100010010001000000001
0000100001101011001100100010001000000001
0000100001100011001100110010001000000001
0000100010001000000000001110001000000001
0000100010001000000000001100000000000001
0000100010001111111111110010000000000001
0000000000000000000000000000000000000001
0000000011101000000000001110001000000001
0000000011110000000000001111001000000001
0000100010100001000010000010000000000001
0000100010100011001101100010001001000001
0000000011110011001101100010001000000001
0000100010010001000010000011010000000001
0000100010010011001101100010001001000001
0000000011101011001101100010001000000001
0000000000000000000000000000000000000001
0000100010011000000000001110001000000001
0000100010101000000000001111001000000001
0000100010011001000011000010000000000001
0000100010110000000000001111001000000001
0000100010001001000010000010000000000001
0000100011000000000000001110001000000001
0000100010001001000010000010000000000001
0000100010001001000011000010000000000001
0000100010111000000000001111001000000001
0000100010111001000001000010000000000001
0000100010110001000010000010000000000001
0000100010101001000010000010000000000001
0000100011000001000010000010000000000001
1111111101111000000000000000001000000001
0000000000000000000000000000000000000001
0000000000000000000000000000000000000001
0000000000000000000000000000000000000001
0000000000000000000000000000000000000001
0000000000000000000000000000000000000001
0000000000000000000000000000000000000001
0000000000000000000000000000000000000001
0000000000000000000000000000000000000001
0000000000000000000000000000000000000001
0000000000000000000000000000000000000001
0000000000000000000000000000000000000001
0000000000000000000000000000000000000001
0000000000000000000000000000000000000001
0000000000000000000000000000000000000001
0000000000000000000000000000000000000001
0000000000000000000000000000000000000001
0000000000000000000000000000000000000001
0000000000000000000000000000000000000001
0000000000000000000000000000000000000001
0000000000000000000000000000000000000001
0000000000000000000000000000000000000001
0000000000000000000000000000000000000001
0000000000000000000000000000000000000001
0000000000000000000000000000000000000001
0000000000000000000000000000000000000001
0000000000000000000000000000000000000001
0000000000000000000000000000000000000001
0000000000000000000000000000000000000001
0000000000000000000000000000000000000001
0000000000000000000000000000000000000001
0000000000000000000000000000000000000001
0000000000000000000000000000000000000001
0000000000000000000000000000000000000001
0000000000000000000000000000000000000001
0000000000000000000000000000000000000001
0000000000000000000000000000000000000001
0000000000000000000000000000000000000001
0000000000000000000000000000000000000001
0000000000000000000000000000000000000001
0000000000000000000000000000000000000001
0000000000000000000000000000000000000001
0000000000000000000000000000000000000001
0000000000000000000000000000000000000001
0000000000000000000000000000000000000001
0000000000000000000000000000000000000001
0000000000000000000000000000000000000001
0000000000000000000000000000000000000001
0000000000000000000000000000000000000001
0000000000000000000000000000000000000001
0000000000000000000000000000000000000001
0000000000000000000000000000000000000001
0000000000000000000000000000000000000001
0000000000000000000000000000000000000001
0000000000000000000000000000000000000001
0000000000000000000000000000000000000001
0000000000000000000000000000000000000001
0000000000000000000000000000000000000001
0000000000000000000000000000000000000001
0000000000000000000000000000000000000001
0000000000000000000000000000000000000001
0000000000000000000000000000000000000001
0000000000000000000000000000000000000001
0000000000000000000000000000000000000001
0000000000000000000000000000000000000001
0000000000000000000000000000000000000001
0000000000000000000000000000000000000001
0000000000000000000000000000000000000001
0000000000000000000000000000000000000001
0000000000000000000000000000000000000001
0000000000000000000000000000000000000001
0000000000000000000000000000000000000001
0000000000000000000000000000000000000001
0000000000000000000000000000000000000001
0000000000000000000000000000000000000001
0000000000000000000000000000000000000001
0000000000000000000000000000000000000001
0000000000000000000000000000000000000001
0000000000000000000000000000000000000001
0000000000000000000000000000000000000001
0000000000000000000000000000000000000001
0000000000000000000000000000000000000001
0000000000000000000000000000000000000001
0000000000000000000000000000000000000001
0000000000000000000000000000000000000001
0000000000000000000000000000000000000001
0000000000000000000000000000000000000001
0000000000000000000000000000000000000001
0000000000000000000000000000000000000001
0000000000000000000000000000000000000001
0000000000000000000000000000000000000001
0000000000000000000000000000000000000001
0000000000000000000000000000000000000001
0000000000000000000000000000000000000001
0000000000000000000000000000000000000001
0000000000000000000000000000000000000001
0000000000000000000000000000000000000001
0000000000000000000000000000000000000001
0000000000000000000000000000000000000001
0000000000000000000000000000000000000001
0000000000000000000000000000000000000001
0000000000000000000000000000000000000001
0000000000000000000000000000000000000001
0000000000000000000000000000000000000001
0000000000000000000000000000000000000001
0000000000000000000000000000000000000001
0000000000000000000000000000000000000001
0000000000000000000000000000000000000001
0000000000000000000000000000000000000001
0000000000000000000000000000000000000001
0000000000000000000000000000000000000001
0000000000000000000000000000000000000001
0000000000000000000000000000000000000001
0000000000000000000000000000000000000001
0000000000000000000000000000000000000001
0000000000000000000000000000000000000001
0000000000000000000000000000000000000001
0000000000000000000000000000000000000001
0000000000000000000000000000000000000001
0000000000000000000000000000000000000001
0000000000000000000000000000000000000001
0000000000000000000000000000000000000001
0000000000000000000000000000000000000001
0000000000000000000000000000000000000001
0000000000000000000000000000000000000001
0000000000000000000000000000000000000001
0000000000000000000000000000000000000001
0000000000000000000000000000000000000001
0000000000000000000000000000000000000001
0000000000000000000000000000000000000001
0000000000000000000000000000000000000001
0000000000000000000000000000000000000001
0000000000000000000000000000000000000001
0000000000000000000000000000000000000001
0000000000000000000000000000000000000001
0000000000000000000000000000000000000001
0000000000000000000000000000000000000001
0000000000000000000000000000000000000001
0000000000000000000000000000000000000001
0000000000000000000000000000000000000001
0000000000000000000000000000000000000001
0000000000000000000000000000000000000001
0000000000000000000000000000000000000001
0000000000000000000000000000000000000001
0000000000000000000000000000000000000001
0000000000000000000000000000000000000001
0000000000000000000000000000000000000001
0000000000000000000000000000000000000001
0000000000000000000000000000000000000001
0000000000000000000000000000000000000001
0000000000000000000000000000000000000001
0000000000000000000000000000000000000001
0000000000000000000000000000000000000001
0000000000000000000000000000000000000001
0000000000000000000000000000000000000001
0000000000000000000000000000000000000001
0000000000000000000000000000000000000001
0000000000000000000000000000000000000001
0000000000000000000000000000000000000001
0000000000000000000000000000000000000001
0000000000000000000000000000000000000001
0000000000000000000000000000000000000001
0000000000000000000000000000000000000001
0000000000000000000000000000000000000001
0000000000000000000000000000000000000001
0000000000000000000000000000000000000001
0000000000000000000000000000000000000001
0000000000000000000000000000000000000001
0000000000000000000000000000000000000001
0000000000000000000000000000000000000001
0000000000000000000000000000000000000001
0000000000000000000000000000000000000001
0000000000000000000000000000000000000001
0000000000000000000000000000000000000001
0000000000000000000000000000000000000001
0000000000000000000000000000000000000001
0000000000000000000000000000000000000001
0000000000000000000000000000000000000001
0000000000000000000000000000000000000001
0000000000000000000000000000000000000001
0000000000000000000000000000000000000001
0000000000000000000000000000000000000001
0000000000000000000000000000000000000001
0000000000000000000000000000000000000001
0000000000000000000000000000000000000001
0000000000000000000000000000000000000001
0000000000000000000000000000000000000001
0000000000000000000000000000000000000001
0000000000000000000000000000000000000001
0000000000000000000000000000000000000001
0000000000000000000000000000000000000001
0000000000000000000000000000000000000001
0000000000000000000000000000000000000001
0000000000000000000000000000000000000001
0000000000000000000000000000000000000001
0000000000000000000000000000000000000001
0000000000000000000000000000000000000001
0000000000000000000000000000000000000001
0000000000000000000000000000000000000001
0000000000000000000000000000000000000001
0000000000000000000000000000000000000001
0000000000000000000000000000000000000001
0000000000000000000000000000000000000001
0000000000000000000000000000000000000001
0000000000000000000000000000000000000001
0000000000000000000000000000000000000001
0000000000000000000000000000000000000001
0000000000000000000000000000000000000001
0000000000000000000000000000000000000001
0000000000000000000000000000000000000001
0000000000000000000000000000000000000001
0000000000000000000000000000000000000001
0000000000000000000000000000000000000001
0000000000000000000000000000000000000001
0000000000000000000000000000000000000001
0000000000000000000000000000000000000001
0000000000000000000000000000000000000001
0000000000000000000000000000000000000001
0000000000000000000000000000000000000001
0000000000000000000000000000000000000001
0000000000000000000000000000000000000001
0000000000000000000000000000000000000001
0000000000000000000000000000000000000001
0000000000000000000000000000000000000001
0000000000000000000000000000000000000001
0000000000000000000000000000000000000001
0000000000000000000000000000000000000001
0000000000000000000000000000000000000001
0000000000000000000000000000000000000001
0000000000000000000000000000000000000001
0000000000000000000000000000000000000001
0000000000000000000000000000000000000001
0000000000000000000000000000000000000001
0000000000000000000000000000000000000001
0000000000000000000000000000000000000001
0000000000000000000000000000000000000001
0000000000000000000000000000000000000001
0000000000000000000000000000000000000001
0000000000000000000000000000000000000001
0000000000000000000000000000000000000001
0000000000000000000000000000000000000001
0000000000000000000000000000000000000001
0000000000000000000000000000000000000001
0000000000000000000000000000000000000001
0000000000000000000000000000000000000001
0000000000000000000000000000000000000001
0000000000000000000000000000000000000001
0000000000000000000000000000000000000001
0000000000000000000000000000000000000001
0000000000000000000000000000000000000001
0000000000000000000000000000000000000001
0000000000000000000000000000000000000001
0000000000000000000000000000000000000001
0000000000000000000000000000000000000001
0000000000000000000000000000000000000001
0000000000000000000000000000000000000001
0000000000000000000000000000000000000001
0000000000000000000000000000000000000001
0000000000000000000000000000000000000001
0000000000000000000000000000000000000001
0000000000000000000000000000000000000001
0000000000000000000000000000000000000001
0000000000000000000000000000000000000001
0000000000000000000000000000000000000001
0000000000000000000000000000000000000001
0000000000000000000000000000000000000001
0000000000000000000000000000000000000001
0000000000000000000000000000000000000001
0000000000000000000000000000000000000001
0000000000000000000000000000000000000001
0000000000000000000000000000000000000001
0000000000000000000000000000000000000001
0000000000000000000000000000000000000001
0000000000000000000000000000000000000001
0000000000000000000000000000000000000001
0000000000000000000000000000000000000001
0000000000000000000000000000000000000001
0000000000000000000000000000000000000001
0000000000000000000000000000000000000001
0000000000000000000000000000000000000001
0000000000000000000000000000000000000001
0000000000000000000000000000000000000001
0000000000000000000000000000000000000001
0000000000000000000000000000000000000001
0000000000000000000000000000000000000001
0000000000000000000000000000000000000001
0000000000000000000000000000000000000001
0000000000000000000000000000000000000001
0000000000000000000000000000000000000001
0000000000000000000000000000000000000001
0000000000000000000000000000000000000001
0000000000000000000000000000000000000001
0000000000000000000000000000000000000001
0000000000000000000000000000000000000001
0000000000000000000000000000000000000001
0000000000000000000000000000000000000001
0000000000000000000000000000000000000001
0000000000000000000000000000000000000001
0000000000000000000000000000000000000001
0000000000000000000000000000000000000001
0000000000000000000000000000000000000001
0000000000000000000000000000000000000001
0000000000000000000000000000000000000001
0000000000000000000000000000000000000001
0000000000000000000000000000000000000001
0000000000000000000000000000000000000001
0000000000000000000000000000000000000001
0000000000000000000000000000000000000001
0000000000000000000000000000000000000001
0000000000000000000000000000000000000001
0000000000000000000000000000000000000001
0000000000000000000000000000000000000001
0000000000000000000000000000000000000001
0000000000000000000000000000000000000001
0000000000000000000000000000000000000001
0000000000000000000000000000000000000001
0000000000000000000000000000000000000001
0000000000000000000000000000000000000001
0000000000000000000000000000000000000001
0000000000000000000000000000000000000001
0000000000000000000000000000000000000001
0000000000000000000000000000000000000001
0000000000000000000000000000000000000001
0000000000000000000000000000000000000001
0000000000000000000000000000000000000001
0000000000000000000000000000000000000001
0000000000000000000000000000000000000001
0000000000000000000000000000000000000001
0000000000000000000000000000000000000001
0000000000000000000000000000000000000001
0000000000000000000000000000000000000001
0000000000000000000000000000000000000001
0000000000000000000000000000000000000001
0000000000000000000000000000000000000001
0000000000000000000000000000000000000001
0000000000000000000000000000000000000001
0000000000000000000000000000000000000001
0000000000000000000000000000000000000001
0000000000000000000000000000000000000001
0000000000000000000000000000000000000001
0000000000000000000000000000000000000001
0000000000000000000000000000000000000001
0000000000000000000000000000000000000001
0000000000000000000000000000000000000001
0000000000000000000000000000000000000001
0000000000000000000000000000000000000001
0000000000000000000000000000000000000001
0000000000000000000000000000000000000001
0000000000000000000000000000000000000001
0000000000000000000000000000000000000001
0000000000000000000000000000000000000001
0000000000000000000000000000000000000001
0000000000000000000000000000000000000001
0000000000000000000000000000000000000001
0000000000000000000000000000000000000001
0000000000000000000000000000000000000001
0000000000000000000000000000000000000001
0000000000000000000000000000000000000001
0000000000000000000000000000000000000001
0000000000000000000000000000000000000001
0000000000000000000000000000000000000001
0000000000000000000000000000000000000001
0000000000000000000000000000000000000001
0000000000000000000000000000000000000001
0000000000000000000000000000000000000001
0000000000000000000000000000000000000001
0000000000000000000000000000000000000001
0000000000000000000000000000000000000001
0000000000000000000000000000000000000001
0000000000000000000000000000000000000001
0000000000000000000000000000000000000001
0000000000000000000000000000000000000001
0000000000000000000000000000000000000001
0000000000000000000000000000000000000001
0000000000000000000000000000000000000001
0000000000000000000000000000000000000001
0000000000000000000000000000000000000001
0000000000000000000000000000000000000001
0000000000000000000000000000000000000001
0000000000000000000000000000000000000001
0000000000000000000000000000000000000001
0000000000000000000000000000000000000001
0000000000000000000000000000000000000001
0000000000000000000000000000000000000001
0000000000000000000000000000000000000001
0000000000000000000000000000000000000001
0000000000000000000000000000000000000001
0000000000000000000000000000000000000001
0000000000000000000000000000000000000001
0000000000000000000000000000000000000001
0000000000000000000000000000000000000001
0000000000000000000000000000000000000001
0000000000000000000000000000000000000001
0000000000000000000000000000000000000001
0000000000000000000000000000000000000001
0000000000000000000000000000000000000001
