0000000000000000000000000000000000000001
0000000000000000000000001110100000000001
0000000000000000000000000000000000000001
0000000000001000000000001110100000000001
1111111111110110000101100010000000000001
0000000000010000000000001110001000000001
1111111111110110000110000010000000000001
0000000000011000000000001110001000000001
1111111111110110000101110010000000000001
0000000000100000000000001110001000000001
1111111111110010000000000010000000000001
0000000000101000000000001110001000000001
1111111111110110000101010010000000000001
0000000000110000000000001110001000000001
0000000000110001000010000010000000000001
0000000001000000000000001110001000000001
0000000001000000000000001100000000000001
0000000000101111111111110010000000000001
0000000000111000000000001110001000000001
0000000000111001000010000010000000000001
0000000001010000000000001110001000000001
1111111111101001000010000010000000000001
0000000010101000000000001110001000000001
0000000001001001000010000010000000000001
0000000001010001000010000010001001001001
1111111111110001000010000010000000100110
0000000010101000000000001110001000000001
0000000001101001000010000010000000000001
1111111111110010011000100010001001001001
0000000001001001000010000010000000000001
0000000010001001000010000010000000100101
0000000010010000000000001110001000000001
0000000001111001000010000010000000000001
1111111111110010011000100010001001001001
0000000001001001000010000010000000000001
0000000010011001000010000010000000100101
0000000010100000000000001110001000000001
0000000010110001000010000010000000000001
0000000000000000000000000000000000000001
0000000011000000000000001111000000000001
0000000011000001000010000010000000000001
1111111111110010011000100010001001001001
0000000010101001000010000010000000000001
1111111111101001000010000010000000100101
0000000010101000000000001110001000000001
0000000001001001000010000010000000000001
0000000001010000000000001110001000100101
0000000010010010000000010010000000000001
0000000011001000000000001110001000000001
0000000011001000000000001100000000000001
0000000000000001000010000010000000000001
0000000011110000000000001110001000000001
0000000110110010000001010010000100000001
0000000110101010000001100010001100000001
0000000100000010000001010011010100000001
0000000011111010000001100010001100000001
0000000011110010000000100010001100000001
0000000011101010000000110010001100000001
0000000011100010000001000010001100000001
0000000000000000000000000000000000000001
0000000100001000000000001110001000000001
0000000110111000000000001111001000000001
0000000000001001000010000010000000000001
0000000100101000000000001110001000000001
0000000111001010000001010010000100000001
0000000111000010000001100010001100000001
0000000100111010000001010011010100000001
0000000100110010000001100010001100000001
0000000100101010000000100010001100000001
0000000100100010000000110010001100000001
0000000100011010000001000010001100000001
0000000000000000000000000000000000000001
0000000101000000000000001110001000000001
0000000111010000000000001111001000000001
0000000010100010000000010010000000000001
0000000011010000000000001110001000000001
0000000011010000000000001100000000000001
0000000000000001000010000010000000000001
0000000101011000000000001110001000000001
0000000111100010000001010010000100000001
0000000111011010000001100010001100000001
0000000101101010000001010011010100000001
0000000101100010000001100010001100000001
0000000101011010000000100010001100000001
0000000101010010000000110010001100000001
0000000101001010000001000010001100000001
0000000000000000000000000000000000000001
0000000101110000000000001110001000000001
0000000111101000000000001111001000000001
0000000000001001000010000010000000000001
0000000110001000000000001110001000000001
0000000111111010000001010010000100000001
0000000111110010000001100010001100000001
0000000110011010000001010011010100000001
0000000110010010000001100010001100000001
0000000110001010000000100010001100000001
0000000110000010000000110010001100000001
0000000101111010000001000010001100000001
0000000000000000000000000000000000000001
0000000110100000000000001110001000000001
0000001000000000000000001111001000000001
0000000001011001000010000010000000000001
0000000001101001000010000010001001000001
0000000010111000000000001110001000000001
0000000001101001000010000010000000000001
0000000010111010011000010010001000000001
0000000001110000000000001110001000000001
1111111111110001000010000010000000000001
0000000001110001000010000010001001000001
0000000010000000000000001110001000000001
0000000001110000000000001100000000000001
0000000100001111111111110010000000000001
0000000010000000000000001100000000000001
0000000101110111111111110010001000000001
0000000011011000000000001110001000000001
0000000001110000000000001100000000000001
0000000101000111111111110010000000000001
0000000010000000000000001100000000000001
0000000110100111111111110010001000000001
0000000100010000000000001110001000000001
0000000001011001000010000010000000000001
0000000010101001000010000010001001000001
0000000000000000000000000000000000000001
0000000001100000000000001111000000000001
0000000000111001000010000010000000000001
0000001000010000000000001110001000000001
1111111111101001000010000010000000000001
0000001001101000000000001110001000000001
0000001000001001000010000010000000000001
0000001000010001000010000010001001001001
1111111111110001000010000010000000100110
0000001001101000000000001110001000000001
0000001000101001000010000010000000000001
1111111111110010110001000010001001001001
0000001000001001000010000010000000000001
0000001001001001000010000010000000100101
0000001001010000000000001110001000000001
0000001000111001000010000010000000000001
1111111111110010110001000010001001001001
0000001000001001000010000010000000000001
0000001001011001000010000010000000100101
0000001001100000000000001110001000000001
0000001001110001000010000010000000000001
0000000000000000000000000000000000000001
0000000011000000000000001111000000000001
0000000011000001000010000010000000000001
1111111111110010110001000010001001001001
0000001001101001000010000010000000000001
1111111111101001000010000010000000100101
0000001001101000000000001110001000000001
0000001000001001000010000010000000000001
0000001000010000000000001110001000100101
0000001001010010011000110010000000000001
0000001010000000000000001110001000000001
0000001010000000000000001100000000000001
0000000000000001000010000010000000000001
0000001010101000000000001110001000000001
0000001101101010011001110010000100000001
0000001101100010011010000010001100000001
0000001010111010011001110011010100000001
0000001010110010011010000010001100000001
0000001010101010011001000010001100000001
0000001010100010011001010010001100000001
0000001010011010011001100010001100000001
0000000000000000000000000000000000000001
0000001011000000000000001110001000000001
0000001101110000000000001111001000000001
0000000000001001000010000010000000000001
0000001011100000000000001110001000000001
0000001110000010011001110010000100000001
0000001101111010011010000010001100000001
0000001011110010011001110011010100000001
0000001011101010011010000010001100000001
0000001011100010011001000010001100000001
0000001011011010011001010010001100000001
0000001011010010011001100010001100000001
0000000000000000000000000000000000000001
0000001011111000000000001110001000000001
0000001110001000000000001111001000000001
0000001001100010011000110010000000000001
0000001010001000000000001110001000000001
0000001010001000000000001100000000000001
0000000000000001000010000010000000000001
0000001100010000000000001110001000000001
0000001110011010011001110010000100000001
0000001110010010011010000010001100000001
0000001100100010011001110011010100000001
0000001100011010011010000010001100000001
0000001100010010011001000010001100000001
0000001100001010011001010010001100000001
0000001100000010011001100010001100000001
0000000000000000000000000000000000000001
0000001100101000000000001110001000000001
0000001110100000000000001111001000000001
0000000000001001000010000010000000000001
0000001101000000000000001110001000000001
0000001110110010011001110010000100000001
0000001110101010011010000010001100000001
0000001101010010011001110011010100000001
0000001101001010011010000010001100000001
0000001101000010011001000010001100000001
0000001100111010011001010010001100000001
0000001100110010011001100010001100000001
0000000000000000000000000000000000000001
0000001101011000000000001110001000000001
0000001110111000000000001111001000000001
0000001000011001000010000010000000000001
0000001000101001000010000010001001000001
0000001001111000000000001110001000000001
0000001000101001000010000010000000000001
0000001001111010110000110010001000000001
0000001000110000000000001110001000000001
1111111111110001000010000010000000000001
0000001000110001000010000010001001000001
0000001001000000000000001110001000000001
0000001000110000000000001100000000000001
0000001011000111111111110010000000000001
0000001001000000000000001100000000000001
0000001100101111111111110010001000000001
0000001010010000000000001110001000000001
0000001000110000000000001100000000000001
0000001011111111111111110010000000000001
0000001001000000000000001100000000000001
0000001101011111111111110010001000000001
0000001011001000000000001110001000000001
0000001000011001000010000010000000000001
0000001001101001000010000010001001000001
0000000000000000000000000000000000000001
0000001000100000000000001111000000000001
0000000000111001000010000010000000000001
0000001111001000000000001110001000000001
1111111111101001000010000010000000000001
0000010000100000000000001110001000000001
0000001111000001000010000010000000000001
0000001111001001000010000010001001001001
1111111111110001000010000010000000100110
0000010000100000000000001110001000000001
0000001111100001000010000010000000000001
1111111111110011001001100010001001001001
0000001111000001000010000010000000000001
0000010000000001000010000010000000100101
0000010000001000000000001110001000000001
0000001111110001000010000010000000000001
1111111111110011001001100010001001001001
0000001111000001000010000010000000000001
0000010000010001000010000010000000100101
0000010000011000000000001110001000000001
0000010000101001000010000010000000000001
0000000000000000000000000000000000000001
0000000011000000000000001111000000000001
0000000011000001000010000010000000000001
1111111111110011001001100010001001001001
0000010000100001000010000010000000000001
1111111111101001000010000010000000100101
0000010000100000000000001110001000000001
0000001111000001000010000010000000000001
0000001111001000000000001110001000100101
0000010000001010110001010010000000000001
0000010000111000000000001110001000000001
0000010000111000000000001100000000000001
0000000011011001000010000010000000000001
0000010001100000000000001110001000000001
0000010100100010110010010010000100000001
0000010100011010110010100010001100000001
0000010001110010110010010011010100000001
0000010001101010110010100010001100000001
0000010001100010110001100010001100000001
0000010001011010110001110010001100000001
0000010001010010110010000010001100000001
0000000000000000000000000000000000000001
0000010001111000000000001110001000000001
0000010100101000000000001111001000000001
0000000100010001000010000010000000000001
0000010010011000000000001110001000000001
0000010100111010110010010010000100000001
0000010100110010110010100010001100000001
0000010010101010110010010011010100000001
0000010010100010110010100010001100000001
0000010010011010110001100010001100000001
0000010010010010110001110010001100000001
0000010010001010110010000010001100000001
0000000000000000000000000000000000000001
0000010010110000000000001110001000000001
0000010101000000000000001111001000000001
0000010000011010110001010010000000000001
0000010001000000000000001110001000000001
0000010001000000000000001100000000000001
0000000011011001000010000010000000000001
0000010011001000000000001110001000000001
0000010101010010110010010010000100000001
0000010101001010110010100010001100000001
0000010011011010110010010011010100000001
0000010011010010110010100010001100000001
0000010011001010110001100010001100000001
0000010011000010110001110010001100000001
0000010010111010110010000010001100000001
0000000000000000000000000000000000000001
0000010011100000000000001110001000000001
0000010101011000000000001111001000000001
0000000100010001000010000010000000000001
0000010011111000000000001110001000000001
0000010101101010110010010010000100000001
0000010101100010110010100010001100000001
0000010100001010110010010011010100000001
0000010100000010110010100010001100000001
0000010011111010110001100010001100000001
0000010011110010110001110010001100000001
0000010011101010110010000010001100000001
0000000000000000000000000000000000000001
0000010100010000000000001110001000000001
0000010101110000000000001111001000000001
0000001111010001000010000010000000000001
0000001111100001000010000010001001000001
0000010000110000000000001110001000000001
0000001111100001000010000010000000000001
0000010000110011001001010010001000000001
0000001111101000000000001110001000000001
1111111111110001000010000010000000000001
0000001111101001000010000010001001000001
0000001111111000000000001110001000000001
0000001111101000000000001100000000000001
0000010001111111111111110010000000000001
0000001111111000000000001100000000000001
0000010011100111111111110010001000000001
0000010001001000000000001110001000000001
0000001111101000000000001100000000000001
0000010010110111111111110010000000000001
0000001111111000000000001100000000000001
0000010100010111111111110010001000000001
0000010010000000000000001110001000000001
0000001111010001000010000010000000000001
0000010000100001000010000010001001000001
0000000000000000000000000000000000000001
0000001111011000000000001111000000000001
0000001010010011001001110010000000000001
0000001011001011001010000010001000000001
0000010101111000000000001110001000000001
0000000000100001000010000010000000000001
0000010110001001000010000010001001000001
0000010110101000000000001110001000000001
0000010110011001000010000010000000000001
0000010110001001000010000011010000000001
0000010110101011001010010010001000000001
0000010110010000000000001110001000000001
0000010110010000000000001100000000000001
0000010110100000000000001111001000000001
0000010101111111111111110010000000000001
0000010110000000000000001110001000000001
0000010001001011001010100010000000000001
0000010010000011001010110010001000000001
0000010110110000000000001110001000000001
0000000000011001000010000010000000000001
0000010111000001000010000010001001000001
0000010111100000000000001110001000000001
0000010111010001000010000010000000000001
0000010111000001000010000011010000000001
0000010111100011001011000010001000000001
0000010111001000000000001110001000000001
0000010111001000000000001100000000000001
0000010111011000000000001111001000000001
0000010110110111111111110010000000000001
0000010110111000000000001110001000000001
0000010110000011001011010010000000000001
0000010110111011001011100010001000000001
0000010111101000000000001110001000000001
0000000000010001000010000010000000000001
0000010111111001000010000010001001000001
0000011000011000000000001110001000000001
0000011000001001000010000010000000000001
0000010111111001000010000011010000000001
0000011000011011001011110010001000000001
0000011000000000000000001110001000000001
0000011000000000000000001100000000000001
0000011000010000000000001111001000000001
0000010111101111111111110010000000000001
0000010111110000000000001110001000000001
0000010111110011001100000010000000000001
0000011000100000000000001110001000000001
0000000000000000000000000000000000000001
0000010111110011001100010010000000000001
0000011000101000000000001110001000000001
0000000000000000000000000000000000000001
0000010111110011001100100010000000000001
0000011000110000000000001110001000000001
0000000000000000000000000000000000000001
0000010111110011001100110010000000000001
0000011000111000000000001110001000000001
0000000000000000000000000000000000000001
0000011000110001000010000010000000000001
1111111101110000000000000000001000000001
0000011000111001000010000010000000000001
1111111110000000000000000000001000000001
0000011000101001000010000010000000000001
1111111101101000000000000000001000000001
0000011000100001000010000010000000000001
1111111101111000000000000000001000000001
0000000000000000000000000000000000000001
0000000000000000000000000000000000000001
0000000000000000000000000000000000000001
0000000000000000000000000000000000000001
0000000000000000000000000000000000000001
0000000000000000000000000000000000000001
0000000000000000000000000000000000000001
0000000000000000000000000000000000000001
0000000000000000000000000000000000000001
0000000000000000000000000000000000000001
0000000000000000000000000000000000000001
0000000000000000000000000000000000000001
0000000000000000000000000000000000000001
0000000000000000000000000000000000000001
0000000000000000000000000000000000000001
0000000000000000000000000000000000000001
0000000000000000000000000000000000000001
0000000000000000000000000000000000000001
0000000000000000000000000000000000000001
0000000000000000000000000000000000000001
0000000000000000000000000000000000000001
0000000000000000000000000000000000000001
0000000000000000000000000000000000000001
0000000000000000000000000000000000000001
0000000000000000000000000000000000000001
0000000000000000000000000000000000000001
0000000000000000000000000000000000000001
0000000000000000000000000000000000000001
0000000000000000000000000000000000000001
0000000000000000000000000000000000000001
0000000000000000000000000000000000000001
0000000000000000000000000000000000000001
0000000000000000000000000000000000000001
0000000000000000000000000000000000000001
0000000000000000000000000000000000000001
0000000000000000000000000000000000000001
0000000000000000000000000000000000000001
0000000000000000000000000000000000000001
0000000000000000000000000000000000000001
0000000000000000000000000000000000000001
0000000000000000000000000000000000000001
0000000000000000000000000000000000000001
0000000000000000000000000000000000000001
0000000000000000000000000000000000000001
0000000000000000000000000000000000000001
0000000000000000000000000000000000000001
0000000000000000000000000000000000000001
0000000000000000000000000000000000000001
0000000000000000000000000000000000000001
0000000000000000000000000000000000000001
0000000000000000000000000000000000000001
0000000000000000000000000000000000000001
0000000000000000000000000000000000000001
0000000000000000000000000000000000000001
0000000000000000000000000000000000000001
0000000000000000000000000000000000000001
0000000000000000000000000000000000000001
0000000000000000000000000000000000000001
0000000000000000000000000000000000000001
0000000000000000000000000000000000000001
0000000000000000000000000000000000000001
0000000000000000000000000000000000000001
0000000000000000000000000000000000000001
0000000000000000000000000000000000000001
0000000000000000000000000000000000000001
0000000000000000000000000000000000000001
0000000000000000000000000000000000000001
0000000000000000000000000000000000000001
0000000000000000000000000000000000000001
0000000000000000000000000000000000000001
0000000000000000000000000000000000000001
0000000000000000000000000000000000000001
0000000000000000000000000000000000000001
0000000000000000000000000000000000000001
0000000000000000000000000000000000000001
0000000000000000000000000000000000000001
0000000000000000000000000000000000000001
0000000000000000000000000000000000000001
0000000000000000000000000000000000000001
0000000000000000000000000000000000000001
0000000000000000000000000000000000000001
0000000000000000000000000000000000000001
0000000000000000000000000000000000000001
0000000000000000000000000000000000000001
0000000000000000000000000000000000000001
0000000000000000000000000000000000000001
0000000000000000000000000000000000000001
0000000000000000000000000000000000000001
0000000000000000000000000000000000000001
0000000000000000000000000000000000000001
0000000000000000000000000000000000000001
0000000000000000000000000000000000000001
0000000000000000000000000000000000000001
0000000000000000000000000000000000000001
0000000000000000000000000000000000000001
0000000000000000000000000000000000000001
0000000000000000000000000000000000000001
0000000000000000000000000000000000000001
0000000000000000000000000000000000000001
0000000000000000000000000000000000000001
0000000000000000000000000000000000000001
0000000000000000000000000000000000000001
0000000000000000000000000000000000000001
0000000000000000000000000000000000000001
0000000000000000000000000000000000000001
0000000000000000000000000000000000000001
0000000000000000000000000000000000000001
0000000000000000000000000000000000000001
0000000000000000000000000000000000000001
0000000000000000000000000000000000000001
0000000000000000000000000000000000000001
0000000000000000000000000000000000000001
0000000000000000000000000000000000000001
0000000000000000000000000000000000000001
0000000000000000000000000000000000000001
0000000000000000000000000000000000000001
0000000000000000000000000000000000000001
0000000000000000000000000000000000000001
0000000000000000000000000000000000000001
0000000000000000000000000000000000000001
0000000000000000000000000000000000000001
0000000000000000000000000000000000000001
0000000000000000000000000000000000000001
0000000000000000000000000000000000000001
0000000000000000000000000000000000000001
0000000000000000000000000000000000000001
0000000000000000000000000000000000000001
0000000000000000000000000000000000000001
0000000000000000000000000000000000000001
0000000000000000000000000000000000000001
0000000000000000000000000000000000000001
0000000000000000000000000000000000000001
0000000000000000000000000000000000000001
0000000000000000000000000000000000000001
0000000000000000000000000000000000000001
0000000000000000000000000000000000000001
0000000000000000000000000000000000000001
0000000000000000000000000000000000000001
0000000000000000000000000000000000000001
0000000000000000000000000000000000000001
0000000000000000000000000000000000000001
0000000000000000000000000000000000000001
0000000000000000000000000000000000000001
0000000000000000000000000000000000000001
0000000000000000000000000000000000000001
0000000000000000000000000000000000000001
0000000000000000000000000000000000000001
0000000000000000000000000000000000000001
0000000000000000000000000000000000000001
0000000000000000000000000000000000000001
0000000000000000000000000000000000000001
0000000000000000000000000000000000000001
0000000000000000000000000000000000000001
0000000000000000000000000000000000000001
0000000000000000000000000000000000000001
0000000000000000000000000000000000000001
0000000000000000000000000000000000000001
0000000000000000000000000000000000000001
0000000000000000000000000000000000000001
0000000000000000000000000000000000000001
0000000000000000000000000000000000000001
0000000000000000000000000000000000000001
0000000000000000000000000000000000000001
0000000000000000000000000000000000000001
0000000000000000000000000000000000000001
0000000000000000000000000000000000000001
0000000000000000000000000000000000000001
0000000000000000000000000000000000000001
0000000000000000000000000000000000000001
0000000000000000000000000000000000000001
0000000000000000000000000000000000000001
0000000000000000000000000000000000000001
0000000000000000000000000000000000000001
0000000000000000000000000000000000000001
0000000000000000000000000000000000000001
0000000000000000000000000000000000000001
0000000000000000000000000000000000000001
0000000000000000000000000000000000000001
0000000000000000000000000000000000000001
0000000000000000000000000000000000000001
0000000000000000000000000000000000000001
0000000000000000000000000000000000000001
0000000000000000000000000000000000000001
0000000000000000000000000000000000000001
0000000000000000000000000000000000000001
0000000000000000000000000000000000000001
0000000000000000000000000000000000000001
0000000000000000000000000000000000000001
0000000000000000000000000000000000000001
0000000000000000000000000000000000000001
0000000000000000000000000000000000000001
0000000000000000000000000000000000000001
0000000000000000000000000000000000000001
0000000000000000000000000000000000000001
0000000000000000000000000000000000000001
0000000000000000000000000000000000000001
0000000000000000000000000000000000000001
0000000000000000000000000000000000000001
0000000000000000000000000000000000000001
0000000000000000000000000000000000000001
0000000000000000000000000000000000000001
0000000000000000000000000000000000000001
0000000000000000000000000000000000000001
0000000000000000000000000000000000000001
0000000000000000000000000000000000000001
0000000000000000000000000000000000000001
0000000000000000000000000000000000000001
0000000000000000000000000000000000000001
0000000000000000000000000000000000000001
0000000000000000000000000000000000000001
0000000000000000000000000000000000000001
0000000000000000000000000000000000000001
0000000000000000000000000000000000000001
0000000000000000000000000000000000000001
0000000000000000000000000000000000000001
0000000000000000000000000000000000000001
0000000000000000000000000000000000000001
0000000000000000000000000000000000000001
0000000000000000000000000000000000000001
0000000000000000000000000000000000000001
0000000000000000000000000000000000000001
0000000000000000000000000000000000000001
0000000000000000000000000000000000000001
0000000000000000000000000000000000000001
0000000000000000000000000000000000000001
0000000000000000000000000000000000000001
0000000000000000000000000000000000000001
0000000000000000000000000000000000000001
0000000000000000000000000000000000000001
0000000000000000000000000000000000000001
0000000000000000000000000000000000000001
0000000000000000000000000000000000000001
0000000000000000000000000000000000000001
0000000000000000000000000000000000000001
0000000000000000000000000000000000000001
0000000000000000000000000000000000000001
0000000000000000000000000000000000000001
0000000000000000000000000000000000000001
0000000000000000000000000000000000000001
0000000000000000000000000000000000000001
0000000000000000000000000000000000000001
0000000000000000000000000000000000000001
0000000000000000000000000000000000000001
0000000000000000000000000000000000000001
0000000000000000000000000000000000000001
0000000000000000000000000000000000000001
0000000000000000000000000000000000000001
0000000000000000000000000000000000000001
0000000000000000000000000000000000000001
0000000000000000000000000000000000000001
0000000000000000000000000000000000000001
0000000000000000000000000000000000000001
0000000000000000000000000000000000000001
0000000000000000000000000000000000000001
0000000000000000000000000000000000000001
0000000000000000000000000000000000000001
0000000000000000000000000000000000000001
0000000000000000000000000000000000000001
0000000000000000000000000000000000000001
0000000000000000000000000000000000000001
0000000000000000000000000000000000000001
0000000000000000000000000000000000000001
0000000000000000000000000000000000000001
0000000000000000000000000000000000000001
0000000000000000000000000000000000000001
0000000000000000000000000000000000000001
0000000000000000000000000000000000000001
0000000000000000000000000000000000000001
0000000000000000000000000000000000000001
0000000000000000000000000000000000000001
0000000000000000000000000000000000000001
0000000000000000000000000000000000000001
0000000000000000000000000000000000000001
0000000000000000000000000000000000000001
0000000000000000000000000000000000000001
0000000000000000000000000000000000000001
0000000000000000000000000000000000000001
0000000000000000000000000000000000000001
0000000000000000000000000000000000000001
0000000000000000000000000000000000000001
0000000000000000000000000000000000000001
0000000000000000000000000000000000000001
0000000000000000000000000000000000000001
0000000000000000000000000000000000000001
0000000000000000000000000000000000000001
0000000000000000000000000000000000000001
0000000000000000000000000000000000000001
0000000000000000000000000000000000000001
0000000000000000000000000000000000000001
0000000000000000000000000000000000000001
0000000000000000000000000000000000000001
0000000000000000000000000000000000000001
0000000000000000000000000000000000000001
0000000000000000000000000000000000000001
0000000000000000000000000000000000000001
0000000000000000000000000000000000000001
0000000000000000000000000000000000000001
0000000000000000000000000000000000000001
0000000000000000000000000000000000000001
0000000000000000000000000000000000000001
0000000000000000000000000000000000000001
0000000000000000000000000000000000000001
0000000000000000000000000000000000000001
0000000000000000000000000000000000000001
0000000000000000000000000000000000000001
0000000000000000000000000000000000000001
0000000000000000000000000000000000000001
0000000000000000000000000000000000000001
0000000000000000000000000000000000000001
0000000000000000000000000000000000000001
0000000000000000000000000000000000000001
0000000000000000000000000000000000000001
0000000000000000000000000000000000000001
0000000000000000000000000000000000000001
0000000000000000000000000000000000000001
0000000000000000000000000000000000000001
0000000000000000000000000000000000000001
0000000000000000000000000000000000000001
0000000000000000000000000000000000000001
0000000000000000000000000000000000000001
0000000000000000000000000000000000000001
0000000000000000000000000000000000000001
0000000000000000000000000000000000000001
0000000000000000000000000000000000000001
0000000000000000000000000000000000000001
0000000000000000000000000000000000000001
0000000000000000000000000000000000000001
0000000000000000000000000000000000000001
0000000000000000000000000000000000000001
0000000000000000000000000000000000000001
0000000000000000000000000000000000000001
0000000000000000000000000000000000000001
0000000000000000000000000000000000000001
0000000000000000000000000000000000000001
0000000000000000000000000000000000000001
0000000000000000000000000000000000000001
0000000000000000000000000000000000000001
0000000000000000000000000000000000000001
0000000000000000000000000000000000000001
0000000000000000000000000000000000000001
0000000000000000000000000000000000000001
0000000000000000000000000000000000000001
0000000000000000000000000000000000000001
0000000000000000000000000000000000000001
0000000000000000000000000000000000000001
0000000000000000000000000000000000000001
0000000000000000000000000000000000000001
0000000000000000000000000000000000000001
0000000000000000000000000000000000000001
0000000000000000000000000000000000000001
0000000000000000000000000000000000000001
0000000000000000000000000000000000000001
0000000000000000000000000000000000000001
0000000000000000000000000000000000000001
0000000000000000000000000000000000000001
0000000000000000000000000000000000000001
0000000000000000000000000000000000000001
0000000000000000000000000000000000000001
0000000000000000000000000000000000000001
0000000000000000000000000000000000000001
0000000000000000000000000000000000000001
0000000000000000000000000000000000000001
0000000000000000000000000000000000000001
0000000000000000000000000000000000000001
0000000000000000000000000000000000000001
0000000000000000000000000000000000000001
0000000000000000000000000000000000000001
0000000000000000000000000000000000000001
0000000000000000000000000000000000000001
0000000000000000000000000000000000000001
0000000000000000000000000000000000000001
0000000000000000000000000000000000000001
0000000000000000000000000000000000000001
0000000000000000000000000000000000000001
0000000000000000000000000000000000000001
0000000000000000000000000000000000000001
0000000000000000000000000000000000000001
0000000000000000000000000000000000000001
0000000000000000000000000000000000000001
0000000000000000000000000000000000000001
0000000000000000000000000000000000000001
0000000000000000000000000000000000000001
0000000000000000000000000000000000000001
0000000000000000000000000000000000000001
0000000000000000000000000000000000000001
0000000000000000000000000000000000000001
0000000000000000000000000000000000000001
0000000000000000000000000000000000000001
0000000000000000000000000000000000000001
0000000000000000000000000000000000000001
0000000000000000000000000000000000000001
0000000000000000000000000000000000000001
0000000000000000000000000000000000000001
0000000000000000000000000000000000000001
0000000000000000000000000000000000000001
0000000000000000000000000000000000000001
0000000000000000000000000000000000000001
0000000000000000000000000000000000000001
0000000000000000000000000000000000000001
0000000000000000000000000000000000000001
0000000000000000000000000000000000000001
0000000000000000000000000000000000000001
0000000000000000000000000000000000000001
0000000000000000000000000000000000000001
0000000000000000000000000000000000000001
0000000000000000000000000000000000000001
0000000000000000000000000000000000000001
0000000000000000000000000000000000000001
0000000000000000000000000000000000000001
0000000000000000000000000000000000000001
0000000000000000000000000000000000000001
0000000000000000000000000000000000000001
0000000000000000000000000000000000000001
0000000000000000000000000000000000000001
0000000000000000000000000000000000000001
0000000000000000000000000000000000000001
0000000000000000000000000000000000000001
0000000000000000000000000000000000000001
0000000000000000000000000000000000000001
0000000000000000000000000000000000000001
0000000000000000000000000000000000000001
0000000000000000000000000000000000000001
0000000000000000000000000000000000000001
0000000000000000000000000000000000000001
0000000000000000000000000000000000000001
0000000000000000000000000000000000000001
0000000000000000000000000000000000000001
0000000000000000000000000000000000000001
0000000000000000000000000000000000000001
0000000000000000000000000000000000000001
0000000000000000000000000000000000000001
0000000000000000000000000000000000000001
0000000000000000000000000000000000000001
0000000000000000000000000000000000000001
0000000000000000000000000000000000000001
0000000000000000000000000000000000000001
0000000000000000000000000000000000000001
0000000000000000000000000000000000000001
0000000000000000000000000000000000000001
0000000000000000000000000000000000000001
0000000000000000000000000000000000000001
0000000000000000000000000000000000000001
0000000000000000000000000000000000000001
0000000000000000000000000000000000000001
0000000000000000000000000000000000000001
0000000000000000000000000000000000000001
0000000000000000000000000000000000000001
0000000000000000000000000000000000000001
0000000000000000000000000000000000000001
0000000000000000000000000000000000000001
0000000000000000000000000000000000000001
0000000000000000000000000000000000000001
0000000000000000000000000000000000000001
0000000000000000000000000000000000000001
0000000000000000000000000000000000000001
0000000000000000000000000000000000000001
0000000000000000000000000000000000000001
0000000000000000000000000000000000000001
0000000000000000000000000000000000000001
0000000000000000000000000000000000000001
0000000000000000000000000000000000000001
0000000000000000000000000000000000000001
0000000000000000000000000000000000000001
0000000000000000000000000000000000000001
0000000000000000000000000000000000000001
0000000000000000000000000000000000000001
0000000000000000000000000000000000000001
0000000000000000000000000000000000000001
0000000000000000000000000000000000000001
0000000000000000000000000000000000000001
0000000000000000000000000000000000000001
0000000000000000000000000000000000000001
0000000000000000000000000000000000000001
0000000000000000000000000000000000000001
0000000000000000000000000000000000000001
0000000000000000000000000000000000000001
0000000000000000000000000000000000000001
0000000000000000000000000000000000000001
0000000000000000000000000000000000000001
0000000000000000000000000000000000000001
0000000000000000000000000000000000000001
0000000000000000000000000000000000000001
0000000000000000000000000000000000000001
0000000000000000000000000000000000000001
0000000000000000000000000000000000000001
0000000000000000000000000000000000000001
0000000000000000000000000000000000000001
0000000000000000000000000000000000000001
0000000000000000000000000000000000000001
0000000000000000000000000000000000000001
0000000000000000000000000000000000000001
0000000000000000000000000000000000000001
0000000000000000000000000000000000000001
0000000000000000000000000000000000000001
0000000000000000000000000000000000000001
0000000000000000000000000000000000000001
0000000000000000000000000000000000000001
0000000000000000000000000000000000000001
0000000000000000000000000000000000000001
0000000000000000000000000000000000000001
0000000000000000000000000000000000000001
0000000000000000000000000000000000000001
0000000000000000000000000000000000000001
0000000000000000000000000000000000000001
0000000000000000000000000000000000000001
0000000000000000000000000000000000000001
0000000000000000000000000000000000000001
0000000000000000000000000000000000000001
0000000000000000000000000000000000000001
0000000000000000000000000000000000000001
0000000000000000000000000000000000000001
0000000000000000000000000000000000000001
0000000000000000000000000000000000000001
0000000000000000000000000000000000000001
0000000000000000000000000000000000000001
0000000000000000000000000000000000000001
0000000000000000000000000000000000000001
0000000000000000000000000000000000000001
0000000000000000000000000000000000000001
0000000000000000000000000000000000000001
0000000000000000000000000000000000000001
0000000000000000000000000000000000000001
0000000000000000000000000000000000000001
0000000000000000000000000000000000000001
0000000000000000000000000000000000000001
0000000000000000000000000000000000000001
0000000000000000000000000000000000000001
0000000000000000000000000000000000000001
0000000000000000000000000000000000000001
0000000000000000000000000000000000000001
0000000000000000000000000000000000000001
0000000000000000000000000000000000000001
0000000000000000000000000000000000000001
0000000000000000000000000000000000000001
0000000000000000000000000000000000000001
0000000000000000000000000000000000000001
0000000000000000000000000000000000000001
0000000000000000000000000000000000000001
0000000000000000000000000000000000000001
0000000000000000000000000000000000000001
0000000000000000000000000000000000000001
0000000000000000000000000000000000000001
0000000000000000000000000000000000000001
0000000000000000000000000000000000000001
0000000000000000000000000000000000000001
0000000000000000000000000000000000000001
0000000000000000000000000000000000000001
0000000000000000000000000000000000000001
0000000000000000000000000000000000000001
0000000000000000000000000000000000000001
0000000000000000000000000000000000000001
0000000000000000000000000000000000000001
0000000000000000000000000000000000000001
0000000000000000000000000000000000000001
0000000000000000000000000000000000000001
0000000000000000000000000000000000000001
0000000000000000000000000000000000000001
0000000000000000000000000000000000000001
0000000000000000000000000000000000000001
0000000000000000000000000000000000000001
0000000000000000000000000000000000000001
0000000000000000000000000000000000000001
0000000000000000000000000000000000000001
0000000000000000000000000000000000000001
0000000000000000000000000000000000000001
0000000000000000000000000000000000000001
0000000000000000000000000000000000000001
0000000000000000000000000000000000000001
0000000000000000000000000000000000000001
0000000000000000000000000000000000000001
0000000000000000000000000000000000000001
0000000000000000000000000000000000000001
0000000000000000000000000000000000000001
0000000000000000000000000000000000000001
0000000000000000000000000000000000000001
0000000000000000000000000000000000000001
0000000000000000000000000000000000000001
0000000000000000000000000000000000000001
0000000000000000000000000000000000000001
0000000000000000000000000000000000000001
0000000000000000000000000000000000000001
0000000000000000000000000000000000000001
0000000000000000000000000000000000000001
0000000000000000000000000000000000000001
0000000000000000000000000000000000000001
0000000000000000000000000000000000000001
0000000000000000000000000000000000000001
0000000000000000000000000000000000000001
0000000000000000000000000000000000000001
0000000000000000000000000000000000000001
0000000000000000000000000000000000000001
0000000000000000000000000000000000000001
0000000000000000000000000000000000000001
0000000000000000000000000000000000000001
0000000000000000000000000000000000000001
0000000000000000000000000000000000000001
0000000000000000000000000000000000000001
0000000000000000000000000000000000000001
0000000000000000000000000000000000000001
0000000000000000000000000000000000000001
0000000000000000000000000000000000000001
0000000000000000000000000000000000000001
0000000000000000000000000000000000000001
0000000000000000000000000000000000000001
0000000000000000000000000000000000000001
0000000000000000000000000000000000000001
0000000000000000000000000000000000000001
0000000000000000000000000000000000000001
0000000000000000000000000000000000000001
0000000000000000000000000000000000000001
0000000000000000000000000000000000000001
0000000000000000000000000000000000000001
0000000000000000000000000000000000000001
0000000000000000000000000000000000000001
0000000000000000000000000000000000000001
0000000000000000000000000000000000000001
0000000000000000000000000000000000000001
0000000000000000000000000000000000000001
0000000000000000000000000000000000000001
0000000000000000000000000000000000000001
0000000000000000000000000000000000000001
0000000000000000000000000000000000000001
0000000000000000000000000000000000000001
0000000000000000000000000000000000000001
0000000000000000000000000000000000000001
0000000000000000000000000000000000000001
0000000000000000000000000000000000000001
0000000000000000000000000000000000000001
