1111111111110110000010000010000000000001
0000000000000000000000001110001000000001
1111111111110110000011110010000000000001
0000000000001000000000001110001000000001
1111111111110010000000000010000000000001
0000000000010000000000001110001000000001
1111111111110110000101010010000000000001
0000000000011000000000001110001000000001
1111111111110110000110000010000000000001
0000000000100000000000001110001000000001
1111111111110010000000010010000000000001
0000000000101000000000001110001000000001
1111111111110110000101110010000000000001
0000000000110000000000001110001000000001
1111111111110110000101100010000000000001
0000000000111000000000001110001000000001
0000000000000000000000000000000000000001
0000000001000000000000001110100000000001
0000000000000000000000000000000000000001
0000000001001000000000001110100000000001
0000000000000000000000000000000000000001
0000000001010000000000001110100000000001
0000000000000000000000000000000000000001
0000000001011000000000001110100000000001
0000000000000000000000000000000000000001
0000000001100000000000001110100000000001
0000000000000000000000000000000000000001
0000000001101000000000001110100000000001
0000000001001010000000100010000000000001
0000000001000010000000100100000000000001
0000000001100010000000110010001000000001
0000000001101010000000110100010000000001
0000000000000000000000000000000000000001
0000000010110000000000001110001000000001
0000000011101000000000001110010000000001
0000000000110001000010000010000000000001
0000000001111000000000001110001000000001
0000000001111000000000001100000000000001
0000000000101111111111110010000000000001
0000000001110000000000001110001000000001
0000000000101001000010000010000000000001
0000000001111000000000001110001000000001
0000000001111000000000001100000000000001
0000000000111111111111110010000000000001
0000000010000000000000001110001000000001
0000000000001001000010000010000000000001
0000000001111000000000001110001000000001
0000000001111000000000001100000000000001
0000000000010111111111110010000000000001
0000000010001000000000001110001000000001
0000000000010001000010000010000000000001
0000000001111000000000001110001000000001
0000000001111000000000001100000000000001
0000000000000111111111110010000000000001
0000000010010000000000001110001000000001
1111111111110001000010000110000000000001
0000000000001001000010000100000000000001
1111111111101001000010000010000000001001
0000000010100000000000001110001000000001
0000000000000000000000000000000000000001
0000000010100000000000001110011000100100
0000000000000001000010000100000000001001
0000000010100000000000001100000000000001
0000000000000111111111111010000000000001
1111111111101001000010000010001000000001
1111111111101001000010000010011000100100
1111111111110001000010000100000000000001
0000000010011000000000001110111000000001
0000000011001010000001000010000000000001
0000000010111010000001000011010000000001
0000000010101001000010000010001001000001
0000000010110001000010000010001000000001
0000000011000000000000001110001000000001
0000000000000000000000000000000000000001
0000000011010000000000001111001000000001
0000000100000010000001010010000000000001
0000000011110010000001010011010000000001
0000000011100001000010000010001001000001
0000000011101001000010000010001000000001
0000000011111000000000001110001000000001
0000000000000000000000000000000000000001
0000000100001000000000001111001000000001
0000000000010001000010000010000000000001
0000000001111000000000001110001000000001
0000000001111000000000001100000000000001
0000000010011111111111110010000000000001
0000000100011000000000001110001000000001
0000000000011001000010000010000000000001
0000000100110001000010000010001001000001
0000000101010000000000001110001000000001
0000000101000001000010000010000000000001
0000000100110001000010000011010000000001
0000000101010010000001100010001000000001
0000000100111000000000001110001000000001
0000000100111000000000001100000000000001
0000000101001000000000001111001000000001
0000000011000111111111110010000000000001
0000000100100000000000001110001000000001
0000000011111111111111110010000000000001
0000000100101000000000001110001000000001
0000000000011001000010000010000000000001
0000000101101001000010000010001001000001
0000000110001000000000001110001000000001
0000000101111001000010000010000000000001
0000000101101001000010000011010000000001
0000000110001010000001110010001000000001
0000000101110000000000001110001000000001
0000000101110000000000001100000000000001
0000000110000000000000001111001000000001
0000000100100111111111110010000000000001
0000000101011000000000001110001000000001
0000000100101111111111110010000000000001
0000000101100000000000001110001000000001
0000000011000001000010000010000000000001
0000000011111001000010000010001000000001
0000000000000000000000000000000000000001
0000000110010000000000001110001000000001
0000000110010001000010000010000000000001
0000000000000000000000000000000000000001
0000000110100000000000001111000000000001
1111111111110010000010100011000001001001
1111111111110001000001000010000000000001
0000000110101010000010000010000000100111
0000000110110000000000001110001000000001
1111111111110010000010010010001001001001
1111111111101001000010000010000000000001
1111111111110001000010000010000000100111
0000000110011000000000001110001000000001
1111111111110010000010110010000000000001
0000000111001001000010000010001001000001
0000000111101000000000001110001000000001
0000000111011001000010000010000000000001
0000000111001001000010000011010000000001
0000000111101010000011000010001000000001
0000000111010000000000001110001000000001
0000000111010000000000001100000000000001
0000000111100000000000001111001000000001
0000000000000000000000000000000000000001
0000000011000111111111110010000000000001
0000000110111000000000001110001000000001
0000000011111111111111110010000000000001
0000000111000000000000001110001000000001
0000000000000000000000000000000000000001
0000000110011001000010000010000000001001
1111111111110010000011010010000000000001
1111111111101001000010000010000000100110
0000000111110000000000001110001000000001
0000000110111001000010000010000000000001
1111111100101000000000000000001000000001
0000000111000001000010000010000000000001
1111111100110000000000000000001000000001
0000000010000001000010000010000000000001
0000001000000000000000001110001000000001
1111111111101001000010000010000000000001
0000001001011000000000001110001000000001
0000000111111001000010000010000000000001
0000001000000001000010000010001001001001
1111111111110001000010000010000000100110
0000001001011000000000001110001000000001
0000001000011001000010000010000000000001
1111111111110010011011110010001001001001
0000000111111001000010000010000000000001
0000001000111001000010000010000000100101
0000001001000000000000001110001000000001
0000001000101001000010000010000000000001
1111111111110010011011110010001001001001
0000000111111001000010000010000000000001
0000001001001001000010000010000000100101
0000001001010000000000001110001000000001
0000001001100001000010000010000000000001
0000000000000000000000000000000000000001
0000001001110000000000001111000000000001
0000001001110001000010000010000000000001
1111111111110010011011110010001001001001
0000001001011001000010000010000000000001
1111111111101001000010000010000000100101
0000001001011000000000001110001000000001
0000000111111001000010000010000000000001
0000001000000000000000001110001000100101
0000001001000010000011100010000000000001
0000001001111000000000001110001000000001
0000001001111000000000001100000000000001
0000000101011001000010000010000000000001
0000001010100000000000001110001000000001
0000001101100010000100100010000100000001
0000001101011010000100110010001100000001
0000001010110010000100100011010100000001
0000001010101010000100110010001100000001
0000001010100010000011110010001100000001
0000001010011010000100000010001100000001
0000001010010010000100010010001100000001
0000000000000000000000000000000000000001
0000001010111000000000001110001000000001
0000001101101000000000001111001000000001
0000000101100001000010000010000000000001
0000001011011000000000001110001000000001
0000001101111010000100100010000100000001
0000001101110010000100110010001100000001
0000001011101010000100100011010100000001
0000001011100010000100110010001100000001
0000001011011010000011110010001100000001
0000001011010010000100000010001100000001
0000001011001010000100010010001100000001
0000000000000000000000000000000000000001
0000001011110000000000001110001000000001
0000001110000000000000001111001000000001
0000001001010010000011100010000000000001
0000001010000000000000001110001000000001
0000001010000000000000001100000000000001
0000000101011001000010000010000000000001
0000001100001000000000001110001000000001
0000001110010010000100100010000100000001
0000001110001010000100110010001100000001
0000001100011010000100100011010100000001
0000001100010010000100110010001100000001
0000001100001010000011110010001100000001
0000001100000010000100000010001100000001
0000001011111010000100010010001100000001
0000000000000000000000000000000000000001
0000001100100000000000001110001000000001
0000001110011000000000001111001000000001
0000000101100001000010000010000000000001
0000001100111000000000001110001000000001
0000001110101010000100100010000100000001
0000001110100010000100110010001100000001
0000001101001010000100100011010100000001
0000001101000010000100110010001100000001
0000001100111010000011110010001100000001
0000001100110010000100000010001100000001
0000001100101010000100010010001100000001
0000000000000000000000000000000000000001
0000001101010000000000001110001000000001
0000001110110000000000001111001000000001
0000001000001001000010000010000000000001
0000001000011001000010000010001001000001
0000001001101000000000001110001000000001
0000001000011001000010000010000000000001
0000001001101010011011100010001000000001
0000001000100000000000001110001000000001
1111111111110001000010000010000000000001
0000001000100001000010000010001001000001
0000001000110000000000001110001000000001
0000001000100000000000001100000000000001
0000001010111111111111110010000000000001
0000001000110000000000001100000000000001
0000001100100111111111110010001000000001
0000001010001000000000001110001000000001
0000001000100000000000001100000000000001
0000001011110111111111110010000000000001
0000001000110000000000001100000000000001
0000001101010111111111110010001000000001
0000001011000000000000001110001000000001
0000001000001001000010000010000000000001
0000001001011001000010000010001001000001
0000000000000000000000000000000000000001
0000001000010000000000001111000000000001
0000000001110001000010000010000000000001
0000001111000000000000001110001000000001
1111111111101001000010000010000000000001
0000010000011000000000001110001000000001
0000001110111001000010000010000000000001
0000001111000001000010000010001001001001
1111111111110001000010000010000000100110
0000010000011000000000001110001000000001
0000001111011001000010000010000000000001
1111111111110010110100010010001001001001
0000001110111001000010000010000000000001
0000001111111001000010000010000000100101
0000010000000000000000001110001000000001
0000001111101001000010000010000000000001
1111111111110010110100010010001001001001
0000001110111001000010000010000000000001
0000010000001001000010000010000000100101
0000010000010000000000001110001000000001
0000010000100001000010000010000000000001
0000000000000000000000000000000000000001
0000001001110000000000001111000000000001
0000001001110001000010000010000000000001
1111111111110010110100010010001001001001
0000010000011001000010000010000000000001
1111111111101001000010000010000000100101
0000010000011000000000001110001000000001
0000001110111001000010000010000000000001
0000001111000000000000001110001000100101
0000010000000010011100000010000000000001
0000010000110000000000001110001000000001
0000010000110000000000001100000000000001
0000000101011001000010000010000000000001
0000010001011000000000001110001000000001
0000010100011010011101000010000100000001
0000010100010010011101010010001100000001
0000010001101010011101000011010100000001
0000010001100010011101010010001100000001
0000010001011010011100010010001100000001
0000010001010010011100100010001100000001
0000010001001010011100110010001100000001
0000000000000000000000000000000000000001
0000010001110000000000001110001000000001
0000010100100000000000001111001000000001
0000000101100001000010000010000000000001
0000010010010000000000001110001000000001
0000010100110010011101000010000100000001
0000010100101010011101010010001100000001
0000010010100010011101000011010100000001
0000010010011010011101010010001100000001
0000010010010010011100010010001100000001
0000010010001010011100100010001100000001
0000010010000010011100110010001100000001
0000000000000000000000000000000000000001
0000010010101000000000001110001000000001
0000010100111000000000001111001000000001
0000010000010010011100000010000000000001
0000010000111000000000001110001000000001
0000010000111000000000001100000000000001
0000000101011001000010000010000000000001
0000010011000000000000001110001000000001
0000010101001010011101000010000100000001
0000010101000010011101010010001100000001
0000010011010010011101000011010100000001
0000010011001010011101010010001100000001
0000010011000010011100010010001100000001
0000010010111010011100100010001100000001
0000010010110010011100110010001100000001
0000000000000000000000000000000000000001
0000010011011000000000001110001000000001
0000010101010000000000001111001000000001
0000000101100001000010000010000000000001
0000010011110000000000001110001000000001
0000010101100010011101000010000100000001
0000010101011010011101010010001100000001
0000010100000010011101000011010100000001
0000010011111010011101010010001100000001
0000010011110010011100010010001100000001
0000010011101010011100100010001100000001
0000010011100010011100110010001100000001
0000000000000000000000000000000000000001
0000010100001000000000001110001000000001
0000010101101000000000001111001000000001
0000001111001001000010000010000000000001
0000001111011001000010000010001001000001
0000010000101000000000001110001000000001
0000001111011001000010000010000000000001
0000010000101010110100000010001000000001
0000001111100000000000001110001000000001
1111111111110001000010000010000000000001
0000001111100001000010000010001001000001
0000001111110000000000001110001000000001
0000001111100000000000001100000000000001
0000010001110111111111110010000000000001
0000001111110000000000001100000000000001
0000010011011111111111110010001000000001
0000010001000000000000001110001000000001
0000001111100000000000001100000000000001
0000010010101111111111110010000000000001
0000001111110000000000001100000000000001
0000010100001111111111110010001000000001
0000010001111000000000001110001000000001
0000001111001001000010000010000000000001
0000010000011001000010000010001001000001
0000000000000000000000000000000000000001
0000001111010000000000001111000000000001
0000000101011010110100100010000000000001
0000000101100010110100110010001000000001
0000010101110000000000001110001000000001
0000000001110001000010000010000000000001
0000010110000000000000001110001000000001
1111111111101001000010000010000000000001
0000010111011000000000001110001000000001
0000010101111001000010000010000000000001
0000010110000001000010000010001001001001
1111111111110001000010000010000000100110
0000010111011000000000001110001000000001
0000010110011001000010000010000000000001
1111111111110011001101010010001001001001
0000010101111001000010000010000000000001
0000010110111001000010000010000000100101
0000010111000000000000001110001000000001
0000010110101001000010000010000000000001
1111111111110011001101010010001001001001
0000010101111001000010000010000000000001
0000010111001001000010000010000000100101
0000010111010000000000001110001000000001
0000010111100001000010000010000000000001
0000000000000000000000000000000000000001
0000001001110000000000001111000000000001
0000001001110001000010000010000000000001
1111111111110011001101010010001001001001
0000010111011001000010000010000000000001
1111111111101001000010000010000000100101
0000010111011000000000001110001000000001
0000010101111001000010000010000000000001
0000010110000000000000001110001000100101
0000010111000010110101000010000000000001
0000010111110000000000001110001000000001
0000010111110000000000001100000000000001
0000010001000001000010000010000000000001
0000011000011000000000001110001000000001
0000011011011010110110000010000100000001
0000011011010010110110010010001100000001
0000011000101010110110000011010100000001
0000011000100010110110010010001100000001
0000011000011010110101010010001100000001
0000011000010010110101100010001100000001
0000011000001010110101110010001100000001
0000000000000000000000000000000000000001
0000011000110000000000001110001000000001
0000011011100000000000001111001000000001
0000010001111001000010000010000000000001
0000011001010000000000001110001000000001
0000011011110010110110000010000100000001
0000011011101010110110010010001100000001
0000011001100010110110000011010100000001
0000011001011010110110010010001100000001
0000011001010010110101010010001100000001
0000011001001010110101100010001100000001
0000011001000010110101110010001100000001
0000000000000000000000000000000000000001
0000011001101000000000001110001000000001
0000011011111000000000001111001000000001
0000010111010010110101000010000000000001
0000010111111000000000001110001000000001
0000010111111000000000001100000000000001
0000010001000001000010000010000000000001
0000011010000000000000001110001000000001
0000011100001010110110000010000100000001
0000011100000010110110010010001100000001
0000011010010010110110000011010100000001
0000011010001010110110010010001100000001
0000011010000010110101010010001100000001
0000011001111010110101100010001100000001
0000011001110010110101110010001100000001
0000000000000000000000000000000000000001
0000011010011000000000001110001000000001
0000011100010000000000001111001000000001
0000010001111001000010000010000000000001
0000011010110000000000001110001000000001
0000011100100010110110000010000100000001
0000011100011010110110010010001100000001
0000011011000010110110000011010100000001
0000011010111010110110010010001100000001
0000011010110010110101010010001100000001
0000011010101010110101100010001100000001
0000011010100010110101110010001100000001
0000000000000000000000000000000000000001
0000011011001000000000001110001000000001
0000011100101000000000001111001000000001
0000010110001001000010000010000000000001
0000010110011001000010000010001001000001
0000010111101000000000001110001000000001
0000010110011001000010000010000000000001
0000010111101011001101000010001000000001
0000010110100000000000001110001000000001
1111111111110001000010000010000000000001
0000010110100001000010000010001001000001
0000010110110000000000001110001000000001
0000010110100000000000001100000000000001
0000011000110111111111110010000000000001
0000010110110000000000001100000000000001
0000011010011111111111110010001000000001
0000011000000000000000001110001000000001
0000010110100000000000001100000000000001
0000011001101111111111110010000000000001
0000010110110000000000001100000000000001
0000011011001111111111110010001000000001
0000011000111000000000001110001000000001
0000010110001001000010000010000000000001
0000010111011001000010000010001001000001
0000000000000000000000000000000000000001
0000010110010000000000001111000000000001
0000000010000001000010000010000000000001
0000011100111000000000001110001000000001
1111111111101001000010000010000000000001
0000011110010000000000001110001000000001
0000011100110001000010000010000000000001
0000011100111001000010000010001001001001
1111111111110001000010000010000000100110
0000011110010000000000001110001000000001
0000011101010001000010000010000000000001
1111111111110011100101110010001001001001
0000011100110001000010000010000000000001
0000011101110001000010000010000000100101
0000011101111000000000001110001000000001
0000011101100001000010000010000000000001
1111111111110011100101110010001001001001
0000011100110001000010000010000000000001
0000011110000001000010000010000000100101
0000011110001000000000001110001000000001
0000011110011001000010000010000000000001
0000000000000000000000000000000000000001
0000001001110000000000001111000000000001
0000001001110001000010000010000000000001
1111111111110011100101110010001001001001
0000011110010001000010000010000000000001
1111111111101001000010000010000000100101
0000011110010000000000001110001000000001
0000011100110001000010000010000000000001
0000011100111000000000001110001000100101
0000011101111011001101100010000000000001
0000011110101000000000001110001000000001
0000011110101000000000001100000000000001
0000010101110001000010000010000000000001
0000011111010000000000001110001000000001
0000100000101011001110100010000100000001
0000100000100011001110110010001100000001
0000011111100011001110100011010100000001
0000011111011011001110110010001100000001
0000011111010011001101110010001100000001
0000011111001011001110000010001100000001
0000011111000011001110010010001100000001
0000000000000000000000000000000000000001
0000011111101000000000001110001000000001
0000100000110000000000001111001000000001
0000011110001011001101100010000000000001
0000011110110000000000001110001000000001
0000011110110000000000001100000000000001
0000010101110001000010000010000000000001
0000100000000000000000001110001000000001
0000100001000011001110100010000100000001
0000100000111011001110110010001100000001
0000100000010011001110100011010100000001
0000100000001011001110110010001100000001
0000100000000011001101110010001100000001
0000011111111011001110000010001100000001
0000011111110011001110010010001100000001
0000000000000000000000000000000000000001
0000100000011000000000001110001000000001
0000100001001000000000001111001000000001
0000011101000001000010000010000000000001
0000011101010001000010000010001001000001
0000011110100000000000001110001000000001
0000011101010001000010000010000000000001
0000011110100011100101100010001000000001
0000011101011000000000001110001000000001
1111111111110001000010000010000000000001
0000011101011001000010000010001001000001
0000011101101000000000001110001000000001
0000011101011000000000001100000000000001
0000011111101111111111110010000000000001
0000011101101000000000001100000000000001
0000100000011111111111110010001000000001
0000011110111000000000001110001000000001
0000011101000001000010000010000000000001
0000011110010001000010000010001001000001
0000000000000000000000000000000000000001
0000011101001000000000001111000000000001
0000000001110001000010000010000000000001
0000100001011000000000001110001000000001
1111111111101001000010000010000000000001
0000100010110000000000001110001000000001
0000100001010001000010000010000000000001
0000100001011001000010000010001001001001
1111111111110001000010000010000000100110
0000100010110000000000001110001000000001
0000100001110001000010000010000000000001
1111111111110011111110010010001001001001
0000100001010001000010000010000000000001
0000100010010001000010000010000000100101
0000100010011000000000001110001000000001
0000100010000001000010000010000000000001
1111111111110011111110010010001001001001
0000100001010001000010000010000000000001
0000100010100001000010000010000000100101
0000100010101000000000001110001000000001
0000100010111001000010000010000000000001
0000000000000000000000000000000000000001
0000001001110000000000001111000000000001
0000001001110001000010000010000000000001
1111111111110011111110010010001001001001
0000100010110001000010000010000000000001
1111111111101001000010000010000000100101
0000100010110000000000001110001000000001
0000100001010001000010000010000000000001
0000100001011000000000001110001000100101
0000100010011011100110000010000000000001
0000100011001000000000001110001000000001
0000100011001000000000001100000000000001
0000010101110001000010000010000000000001
0000100011110000000000001110001000000001
0000100101001011100111000010000100000001
0000100101000011100111010010001100000001
0000100100000011100111000011010100000001
0000100011111011100111010010001100000001
0000100011110011100110010010001100000001
0000100011101011100110100010001100000001
0000100011100011100110110010001100000001
0000000000000000000000000000000000000001
0000100100001000000000001110001000000001
0000100101010000000000001111001000000001
0000100010101011100110000010000000000001
0000100011010000000000001110001000000001
0000100011010000000000001100000000000001
0000010101110001000010000010000000000001
0000100100100000000000001110001000000001
0000100101100011100111000010000100000001
0000100101011011100111010010001100000001
0000100100110011100111000011010100000001
0000100100101011100111010010001100000001
0000100100100011100110010010001100000001
0000100100011011100110100010001100000001
0000100100010011100110110010001100000001
0000000000000000000000000000000000000001
0000100100111000000000001110001000000001
0000100101101000000000001111001000000001
0000100001100001000010000010000000000001
0000100001110001000010000010001001000001
0000100011000000000000001110001000000001
0000100001110001000010000010000000000001
0000100011000011111110000010001000000001
0000100001111000000000001110001000000001
1111111111110001000010000010000000000001
0000100001111001000010000010001001000001
0000100010001000000000001110001000000001
0000100001111000000000001100000000000001
0000100100001111111111110010000000000001
0000100010001000000000001100000000000001
0000100100111111111111110010001000000001
0000100011011000000000001110001000000001
0000100001100001000010000010000000000001
0000100010110001000010000010001001000001
0000000000000000000000000000000000000001
0000100001101000000000001111000000000001
0000000001110001000010000010000000000001
0000100101111000000000001110001000000001
1111111111101001000010000010000000000001
0000100111010000000000001110001000000001
0000100101110001000010000010000000000001
0000100101111001000010000010001001001001
1111111111110001000010000010000000100110
0000100111010000000000001110001000000001
0000100110010001000010000010000000000001
1111111111110100010110110010001001001001
0000100101110001000010000010000000000001
0000100110110001000010000010000000100101
0000100110111000000000001110001000000001
0000100110100001000010000010000000000001
1111111111110100010110110010001001001001
0000100101110001000010000010000000000001
0000100111000001000010000010000000100101
0000100111001000000000001110001000000001
0000100111011001000010000010000000000001
0000000000000000000000000000000000000001
0000001001110000000000001111000000000001
0000001001110001000010000010000000000001
1111111111110100010110110010001001001001
0000100111010001000010000010000000000001
1111111111101001000010000010000000100101
0000100111010000000000001110001000000001
0000100101110001000010000010000000000001
0000100101111000000000001110001000100101
0000100110111011111110100010000000000001
0000100111101000000000001110001000000001
0000100111101000000000001100000000000001
0000100011011001000010000010000000000001
0000101000010000000000001110001000000001
0000101001101011111111100010000100000001
0000101001100011111111110010001100000001
0000101000100011111111100011010100000001
0000101000011011111111110010001100000001
0000101000010011111110110010001100000001
0000101000001011111111000010001100000001
0000101000000011111111010010001100000001
0000000000000000000000000000000000000001
0000101000101000000000001110001000000001
0000101001110000000000001111001000000001
0000100111001011111110100010000000000001
0000100111110000000000001110001000000001
0000100111110000000000001100000000000001
0000100011011001000010000010000000000001
0000101001000000000000001110001000000001
0000101010000011111111100010000100000001
0000101001111011111111110010001100000001
0000101001010011111111100011010100000001
0000101001001011111111110010001100000001
0000101001000011111110110010001100000001
0000101000111011111111000010001100000001
0000101000110011111111010010001100000001
0000000000000000000000000000000000000001
0000101001011000000000001110001000000001
0000101010001000000000001111001000000001
0000100110000001000010000010000000000001
0000100110010001000010000010001001000001
0000100111100000000000001110001000000001
0000100110010001000010000010000000000001
0000100111100100010110100010001000000001
0000100110011000000000001110001000000001
1111111111110001000010000010000000000001
0000100110011001000010000010001001000001
0000100110101000000000001110001000000001
0000100110011000000000001100000000000001
0000101000101111111111110010000000000001
0000100110101000000000001100000000000001
0000101001011111111111110010001000000001
0000100111111000000000001110001000000001
0000100110000001000010000010000000000001
0000100111010001000010000010001001000001
0000000000000000000000000000000000000001
0000100110001000000000001111000000000001
0000001011000001000010000010000000000001
0000101010011000000000001110001000000001
0000011110111001000010000010000000000001
0000101010100000000000001110001000000001
0000000100011000000000001100000000000001
0000000000000111111111111010000000000001
0000000000000000000000000000000000000001
0000101010011001000010000010000010000001
0000101010010000000000001110001000000001
0000011000000001000010000010000000000001
0000101010110000000000001110001000000001
0000100111111001000010000010000000000001
0000101010111000000000001110001000000001
0000000100011000000000001100000000000001
0000000000000111111111111010000000000001
0000000000000000000000000000000000000001
0000101010110001000010000010000010000001
0000101010101000000000001110001000000001
0000101010010100010111000010000000000001
0000101011000000000000001110001000000001
0000011000000001000010000010000000000001
0000101011100000000000001110001000000001
0000011000111001000010000010000000000001
0000101011101000000000001110001000000001
0000101010101001000010000010000000000001
0000101011110000000000001110001000000001
0000101010101001000010000010000000000001
0000101011111000000000001110001000000001
0000000010001001000001110010000000000001
0000101011011000000000001110001000000001
0000101011011000000000001100000000000001
0000000000000111111111111010000000000001
0000000000000000000000000000000000000001
0000101011100001000010000010000010000001
0000101011001000000000001110001000000001
0000101011101001000010000010000010000001
0000101011010000000000001110001000000001
0000001010001001000010000010000000000001
0000101100010000000000001110001000000001
0000001011000001000010000010000000000001
0000101100011000000000001110001000000001
0000101011000001000010000010000000000001
0000101100100000000000001110001000000001
0000101011000001000010000010000000000001
0000101100101000000000001110001000000001
0000000010010001000001110010000000000001
0000101011011000000000001110001000000001
0000101011011000000000001100000000000001
0000000000000111111111111010000000000001
0000000000000000000000000000000000000001
0000101100010001000010000010000010000001
0000101100000000000000001110001000000001
0000101100011001000010000010000010000001
0000101100001000000000001110001000000001
0000000000100001000010000010000000000001
0000101101000001000010000010001001000001
0000101101100000000000001110001000000001
0000101101010001000010000010000000000001
0000101101000001000010000011010000000001
0000101101100100010111010010001000000001
0000101101001000000000001110001000000001
0000101101001000000000001100000000000001
0000101101011000000000001111001000000001
0000101011001111111111110010000000000001
0000101100110000000000001110001000000001
0000101011010111111111110010000000000001
0000101100111000000000001110001000000001
0000101100000100010111100010000000000001
0000101101101000000000001110001000000001
0000000000000000000000000000000000000001
0000101100001100010111110010000000000001
0000101101110000000000001110001000000001
0000000000000000000000000000000000000001
0000101100111100011000000010000000000001
0000101101111000000000001110001000000001
0000000000000000000000000000000000000001
0000101100110100011000010010000000000001
0000101110000000000000001110001000000001
0000000000000000000000000000000000000001
1111111111110100011000100010000000000001
0000101110011001000010000010001001000001
0000101110111000000000001110001000000001
0000101110101001000010000010000000000001
0000101110011001000010000011010000000001
0000101110111100011000110010001000000001
0000101110100000000000001110001000000001
0000101110100000000000001100000000000001
0000101110110000000000001111001000000001
0000000000000000000000000000000000000001
0000101101101111111111110010000000000001
0000101110001000000000001110001000000001
0000101101110111111111110010000000000001
0000101110010000000000001110001000000001
0000000000000000000000000000000000000001
1111111111110100011001000010000000000001
0000101111010001000010000010001001000001
0000101111110000000000001110001000000001
0000101111100001000010000010000000000001
0000101111010001000010000011010000000001
0000101111110100011001010010001000000001
0000101111011000000000001110001000000001
0000101111011000000000001100000000000001
0000101111101000000000001111001000000001
0000000000000000000000000000000000000001
0000101110000111111111110010000000000001
0000101111000000000000001110001000000001
0000101101111111111111110010000000000001
0000101111001000000000001110001000000001
0000000000000000000000000000000000000001
0000000111110001000010000010000000000001
0000110000010001000010000010001001000001
0000110000110000000000001110001000000001
0000110000100001000010000010000000000001
0000110000010001000010000011010000000001
0000110000110100011001100010001000000001
0000110000011000000000001110001000000001
0000110000011000000000001100000000000001
0000110000101000000000001111001000000001
0000101111000111111111110010000000000001
0000101111111000000000001110001000000001
0000101111001111111111110010000000000001
0000110000000000000000001110001000000001
0000101110001111111111110010000000000001
0000110000001000000000001110001000000001
0000101110010111111111110010000000000001
0000110001010000000000001110001000000001
0000110000001100011001110010000000000001
0000110100010000000000001110001000000001
0000110000000100011010000010000000000001
0000110000111000000000001110001000000001
0000101111111001000010000010000000000001
1111111101101000000000000000001000000001
0000110001111100011011000010000000000001
0000110001110100011011010010001000000001
0000110001100100011011000011010000000001
0000110001011100011011010010001000000001
0000110001010100011010010010001000000001
0000110001001100011010100010001000000001
0000110001000100011010110010001000000001
0000000000000000000000000000000000000001
0000110001101000000000001110001000000001
0000110010000000000000001111001000000001
0000110010101100011100010010000000000001
0000110010100100011100100010001000000001
0000110010010100011100010011010000000001
0000110010001100011100100010001000000001
0000110001101100011011100010001000000001
0000110001100100011011110010001000000001
0000110001011100011100000010001000000001
0000000000000000000000000000000000000001
0000110010011000000000001110001000000001
0000110010110000000000001111001000000001
0000110011011100011101100010000000000001
0000110011010100011101110010001000000001
0000110011000100011101100011010000000001
0000110010111100011101110010001000000001
0000110010011100011100110010001000000001
0000110010010100011101000010001000000001
0000110010001100011101010010001000000001
0000000000000000000000000000000000000001
0000110011001000000000001110001000000001
0000110011100000000000001111001000000001
0000110000111001000010000010000000000001
1111111101110000000000000000001000000001
0000110011110100011110110010000000000001
0000110011101100011111000010001000000001
0000110011001100011110000010001000000001
0000110011000100011110010010001000000001
0000110010111100011110100010001000000001
0000110011111000000000001110001000000001
0000110100100100100000000010000000000001
0000110100011100100000010010001000000001
0000110100010100011111010010001000000001
0000110100001100011111100010001000000001
0000110100000100011111110010001000000001
0000110100101000000000001110001000000001
0000110100111100100001010010000000000001
0000110100110100100001100010001000000001
0000110011111100100000100010001000000001
0000110011110100100000110010001000000001
0000110011101100100001000010001000000001
0000110101000000000000001110001000000001
0000110101010100100010100010000000000001
0000110101001100100010110010001000000001
0000110100101100100001110010001000000001
0000110100100100100010000010001000000001
0000110100011100100010010010001000000001
0000110101011000000000001110001000000001
0000110101101100100011110010000000000001
0000110101100100100100000010001000000001
0000110101000100100011000010001000000001
0000110100111100100011010010001000000001
0000110100110100100011100010001000000001
0000110101110000000000001110001000000001
0000110110000100100101000010000000000001
0000110101111100100101010010001000000001
0000110101011100100100010010001000000001
0000110101010100100100100010001000000001
0000110101001100100100110010001000000001
0000110110001000000000001110001000000001
1111111111110100100101100010000000000001
0000110110011001000010000010001001000001
0000110110111000000000001110001000000001
0000110110101001000010000010000000000001
0000110110011001000010000011010000000001
0000110110111100100101110010001000000001
0000110110100000000000001110001000000001
0000110110100000000000001100000000000001
0000110110110000000000001111001000000001
0000000000000000000000000000000000000001
0000110101110111111111110010000000000001
0000110110010000000000001110001000000001
0000000000000000000000000000000000000001
1111111111110100100110000010000000000001
0000110111001001000010000010001001000001
0000110111101000000000001110001000000001
0000110111011001000010000010000000000001
0000110111001001000010000011010000000001
0000110111101100100110010010001000000001
0000110111010000000000001110001000000001
0000110111010000000000001100000000000001
0000110111100000000000001111001000000001
0000000000000000000000000000000000000001
0000110110001111111111110010000000000001
0000110111000000000000001110001000000001
0000000000000000000000000000000000000001
0000110110010000000000001100000000000001
0000110110010111111111110010000000000001
0000000000000000000000000000000000000001
0000111000100000000000001110001000000001
0000111000101000000000001111001000000001
0000111000000001000010000010000000000001
0000111000000100100110100010001001000001
0000111000101100100110100010001000000001
0000110111110001000010000011010000000001
0000110111110100100110100010001001000001
0000111000100100100110100010001000000001
0000000000000000000000000000000000000001
0000110111111000000000001110001000000001
0000111000001000000000001111001000000001
0000110111111001000011000010000000000001
0000111000010000000000001111001000000001
0000110110010001000010000010000000000001
0000111000110000000000001110001000000001
0000110110010001000010000010000000000001
0000110110010001000011000010000000000001
0000111000011000000000001111001000000001
0000111000011001000001000010000000000001
0000111000010001000010000010000000000001
0000111000001001000010000010000000000001
0000110111000100100111010010000000000001
0000111000111000000000001110001000000001
0000000000000000000000000000000000000001
0000111000110001000010000010000000000001
1111111110000000000000000000001000000001
0000111000111001000010000010000000000001
1111111101111000000000000000001000000001
0000000000000000000000000000000000000001
0000000000000000000000000000000000000001
0000000000000000000000000000000000000001
0000000000000000000000000000000000000001
0000000000000000000000000000000000000001
0000000000000000000000000000000000000001
0000000000000000000000000000000000000001
0000000000000000000000000000000000000001
0000000000000000000000000000000000000001
0000000000000000000000000000000000000001
0000000000000000000000000000000000000001
0000000000000000000000000000000000000001
0000000000000000000000000000000000000001
0000000000000000000000000000000000000001
0000000000000000000000000000000000000001
0000000000000000000000000000000000000001
0000000000000000000000000000000000000001
0000000000000000000000000000000000000001
0000000000000000000000000000000000000001
0000000000000000000000000000000000000001
0000000000000000000000000000000000000001
0000000000000000000000000000000000000001
0000000000000000000000000000000000000001
0000000000000000000000000000000000000001
0000000000000000000000000000000000000001
0000000000000000000000000000000000000001
0000000000000000000000000000000000000001
0000000000000000000000000000000000000001
0000000000000000000000000000000000000001
0000000000000000000000000000000000000001
0000000000000000000000000000000000000001
0000000000000000000000000000000000000001
0000000000000000000000000000000000000001
0000000000000000000000000000000000000001
0000000000000000000000000000000000000001
0000000000000000000000000000000000000001
0000000000000000000000000000000000000001
0000000000000000000000000000000000000001
0000000000000000000000000000000000000001
0000000000000000000000000000000000000001
0000000000000000000000000000000000000001
0000000000000000000000000000000000000001
0000000000000000000000000000000000000001
0000000000000000000000000000000000000001
0000000000000000000000000000000000000001
0000000000000000000000000000000000000001
0000000000000000000000000000000000000001
0000000000000000000000000000000000000001
0000000000000000000000000000000000000001
0000000000000000000000000000000000000001
0000000000000000000000000000000000000001
0000000000000000000000000000000000000001
0000000000000000000000000000000000000001
0000000000000000000000000000000000000001
0000000000000000000000000000000000000001
0000000000000000000000000000000000000001
0000000000000000000000000000000000000001
0000000000000000000000000000000000000001
0000000000000000000000000000000000000001
0000000000000000000000000000000000000001
0000000000000000000000000000000000000001
0000000000000000000000000000000000000001
0000000000000000000000000000000000000001
0000000000000000000000000000000000000001
0000000000000000000000000000000000000001
0000000000000000000000000000000000000001
0000000000000000000000000000000000000001
0000000000000000000000000000000000000001
0000000000000000000000000000000000000001
0000000000000000000000000000000000000001
