1111111111110110000010000010000000000001
0000000000000000000000001110001000000001
1111111111110110000011110010000000000001
0000000000001000000000001110001000000001
1111111111110010000000000010000000000001
0000000000010000000000001110001000000001
1111111111110110000101010010000000000001
0000000000011000000000001110001000000001
1111111111110110000110000010000000000001
0000000000100000000000001110001000000001
1111111111110010000000010010000000000001
0000000000101000000000001110001000000001
1111111111110010000000100010000000000001
0000000000110000000000001110001000000001
1111111111110010000000110010000000000001
0000000000111000000000001110001000000001
1111111111110010000001000010000000000001
0000000001000000000000001110001000000001
1111111111110010000001010010000000000001
0000000001001000000000001110001000000001
1111111111110010000001100010000000000001
0000000001010000000000001110001000000001
1111111111110010000001110010000000000001
0000000001011000000000001110001000000001
1111111111110110000101110010000000000001
0000000001100000000000001110001000000001
1111111111110110000101100010000000000001
0000000001101000000000001110001000000001
0000000000000000000000000000000000000001
0000000001110000000000001110100000000001
0000000000000000000000000000000000000001
0000000001111000000000001110100000000001
0000000000000000000000000000000000000001
0000000010000000000000001110100000000001
0000000000000000000000000000000000000001
0000000010001000000000001110100000000001
0000000000000000000000000000000000000001
0000000010010000000000001110100000000001
0000000000000000000000000000000000000001
0000000010011000000000001110100000000001
1111111111110010000010000010000000000001
0000000010100000000000001110001000000001
1111111111110010000010010010000000000001
0000000010101000000000001110001000000001
0000000001111010000010100010000000000001
0000000001110010000010100100000000000001
0000000010010010000010110010001000000001
0000000010011010000010110100010000000001
0000000000000000000000000000000000000001
0000000010110000000000001110001000000001
0000000010111000000000001110010000000001
0000000001100001000010000010000000000001
0000000011001000000000001110001000000001
0000000011001000000000001100000000000001
0000000001011111111111110010000000000001
0000000011000000000000001110001000000001
0000000001011001000010000010000000000001
0000000011001000000000001110001000000001
0000000011001000000000001100000000000001
0000000001101111111111110010000000000001
0000000011010000000000001110001000000001
0000000000001001000010000010000000000001
0000000011001000000000001110001000000001
0000000011001000000000001100000000000001
0000000000010111111111110010000000000001
0000000011011000000000001110001000000001
0000000000010001000010000010000000000001
0000000011001000000000001110001000000001
0000000011001000000000001100000000000001
0000000000000111111111110010000000000001
0000000011100000000000001110001000000001
1111111111110001000010000110000000000001
0000000000001001000010000100000000000001
1111111111101001000010000010000000001001
0000000011110000000000001110001000000001
0000000000000000000000000000000000000001
0000000011110000000000001110011000100100
0000000000000001000010000100000000001001
0000000011110000000000001100000000000001
0000000000000111111111111010000000000001
1111111111101001000010000010001000000001
1111111111101001000010000010011000100100
1111111111110001000010000100000000000001
0000000011101000000000001110111000000001
0000000010111000000000001100000000000001
0000000010111111111111110010000000000001
0000000000000000000000000000000000000001
0000000100101000000000001110001000000001
0000000100110000000000001111001000000001
0000000100001001000010000010000000000001
0000000100001010000011000010001001000001
0000000100110010000011000010001000000001
0000000011111001000010000011010000000001
0000000011111010000011000010001001000001
0000000100101010000011000010001000000001
0000000000000000000000000000000000000001
0000000100000000000000001110001000000001
0000000100010000000000001111001000000001
0000000100000001000011000010000000000001
0000000100011000000000001111001000000001
0000000010111001000010000010000000000001
0000000110010000000000001110001000000001
0000000010111001000010000010000000000001
0000000010111001000011000010000000000001
0000000100100000000000001111001000000001
0000000100100001000001000010000000000001
0000000100011001000010000010000000000001
0000000100010001000010000010000000000001
0000000010110000000000001100000000000001
0000000010110111111111110010000000000001
0000000000000000000000000000000000000001
0000000100101000000000001110001000000001
0000000100110000000000001111001000000001
0000000101001001000010000010000000000001
0000000101001010000011110010001001000001
0000000100110010000011110010001000000001
0000000100111001000010000011010000000001
0000000100111010000011110010001001000001
0000000100101010000011110010001000000001
0000000000000000000000000000000000000001
0000000101000000000000001110001000000001
0000000101010000000000001111001000000001
0000000101000001000011000010000000000001
0000000101011000000000001111001000000001
0000000010110001000010000010000000000001
0000000111001000000000001110001000000001
0000000010110001000010000010000000000001
0000000010110001000011000010000000000001
0000000101100000000000001111001000000001
0000000101100001000001000010000000000001
0000000101011001000010000010000000000001
0000000101010001000010000010000000000001
0000000000100000000000001100000000000001
1111111111110111111111110100000000000001
0000000001000001000010000010010001001001
0000000001000001000010000010000000000001
0000000101110000000000001110001000010101
0000000000000000000000000000000000000001
0000000101110000000000001100000000000001
1111111111110111111111110100000000000001
0000000000100001000010000010010001001001
0000000000100001000010000010000000000001
0000000101110000000000001110001000010101
0000000000000000000000000000000000000001
0000000101110000000000001100000000000001
1111111111110111111111110010000000000001
0000000101101000000000001110001000000001
0000000000010001000010000010000000000001
0000000011001000000000001110001000000001
0000000011001000000000001100000000000001
0000000011101111111111110010000000000001
0000000101111000000000001110001000000001
0000000000101000000000001100000000000001
1111111111110111111111110100000000000001
0000000000100001000010000010000000001001
1111111111110111111111110010000000100011
0000000101110000000000001110001000000001
0000000101110000000000001100000000000001
0000000110000000000000001110001000000001
0000000110101010000100100010000000000001
0000000110011010000100100011010000000001
0000000110001001000010000010001001000001
0000000110010001000010000010001000000001
0000000110100000000000001110001000000001
0000000000000000000000000000000000000001
0000000110110000000000001111001000000001
0000000111100010000100110010000000000001
0000000111010010000100110011010000000001
0000000111000001000010000010001001000001
0000000111001001000010000010001000000001
0000000111011000000000001110001000000001
0000000000000000000000000000000000000001
0000000111101000000000001111001000000001
0000000001001001000010000010000000000001
0000000011001000000000001110001000000001
0000000011001000000000001100000000000001
0000000101101111111111110010000000000001
0000000111111000000000001110001000000001
0000000000000000000000000000000000000001
0000000110000001000010000010000000000001
0000001000000000000000001110001000000001
0000001000000001000010000010000000000001
0000000000110001000010000010001001000001
0000001000001000000000001110001000000001
0000000001010001000010000010000000000001
0000000111111001000010000010001001000001
0000001000010000000000001110001000000001
0000000000111001000010000010000000000001
0000000011001000000000001110001000000001
0000000011001000000000001100000000000001
0000001000001111111111110010000000000001
0000001000011000000000001110001000000001
0000000000000000000000000000000000000001
0000001000010001000010000010000000000001
0000001000100000000000001110001000000001
0000000000000000000000000000000000000001
0000001000011001000010000010000000000001
0000001000101000000000001110001000000001
0000001000100001000010000010000000000001
0000000011001000000000001110001000000001
0000000011001000000000001100000000000001
0000000010100111111111110010000000000001
0000001000110000000000001110001000000001
0000000000011001000010000010000000000001
0000001001001001000010000010001001000001
0000001001101000000000001110001000000001
0000001001011001000010000010000000000001
0000001001001001000010000011010000000001
0000001001101010000101000010001000000001
0000001001010000000000001110001000000001
0000001001010000000000001100000000000001
0000001001100000000000001111001000000001
0000000111011111111111110010000000000001
0000001000111000000000001110001000000001
0000000110100111111111110010000000000001
0000001001000000000000001110001000000001
0000000000011001000010000010000000000001
0000001010000001000010000010001001000001
0000001010100000000000001110001000000001
0000001010010001000010000010000000000001
0000001010000001000010000011010000000001
0000001010100010000101010010001000000001
0000001010001000000000001110001000000001
0000001010001000000000001100000000000001
0000001010011000000000001111001000000001
0000001000111111111111110010000000000001
0000001001110000000000001110001000000001
0000001001000111111111110010000000000001
0000001001111000000000001110001000000001
0000000111011001000010000010000000000001
0000000110100001000010000010001000000001
0000000000000000000000000000000000000001
0000001010101000000000001110001000000001
0000000010101001000010000010000000000001
0000001000101001000010000010001001000001
0000001010110000000000001110001000000001
0000001010101001000010000010000000000001
0000000000000000000000000000000000000001
0000001011000000000000001111000000000001
1111111111110010000110000011000001001001
1111111111110001000001000010000000000001
0000001011001010000101100010000000100111
0000001011010000000000001110001000000001
1111111111110010000101110010001001001001
1111111111101001000010000010000000000001
1111111111110001000010000010000000100111
0000001010111000000000001110001000000001
1111111111110010000110010010000000000001
0000001011101001000010000010001001000001
0000001100001000000000001110001000000001
0000001011111001000010000010000000000001
0000001011101001000010000011010000000001
0000001100001010000110100010001000000001
0000001011110000000000001110001000000001
0000001011110000000000001100000000000001
0000001100000000000000001111001000000001
0000000000000000000000000000000000000001
0000000111011111111111110010000000000001
0000001011011000000000001110001000000001
0000000110100111111111110010000000000001
0000001011100000000000001110001000000001
0000000000000000000000000000000000000001
0000001010111001000010000010000000001001
1111111111110010000110110010000000000001
1111111111101001000010000010000000100110
0000001100010000000000001110001000000001
0000001011011001000010000010000000000001
1111111100101000000000000000001000000001
0000001011100001000010000010000000000001
1111111100110000000000000000001000000001
0000001001110010000111000010000000000001
0000001001111010000111010010001000000001
0000001100011000000000001110001000000001
0000000011010001000010000010000000000001
0000001100101000000000001110001000000001
1111111111101001000010000010000000000001
0000001110000000000000001110001000000001
0000001100100001000010000010000000000001
0000001100101001000010000010001001001001
1111111111110001000010000010000000100110
0000001110000000000000001110001000000001
0000001101000001000010000010000000000001
1111111111110010011111110010001001001001
0000001100100001000010000010000000000001
0000001101100001000010000010000000100101
0000001101101000000000001110001000000001
0000001101010001000010000010000000000001
1111111111110010011111110010001001001001
0000001100100001000010000010000000000001
0000001101110001000010000010000000100101
0000001101111000000000001110001000000001
0000001110001001000010000010000000000001
0000000000000000000000000000000000000001
0000000101110000000000001111000000000001
0000000101110001000010000010000000000001
1111111111110010011111110010001001001001
0000001110000001000010000010000000000001
1111111111101001000010000010000000100101
0000001110000000000000001110001000000001
0000001100100001000010000010000000000001
0000001100101000000000001110001000100101
0000001101101010000111100010000000000001
0000001110011000000000001110001000000001
0000001110011000000000001100000000000001
0000001100011001000010000010000000000001
0000001111000000000000001110001000000001
0000010000011010001000100010000100000001
0000010000010010001000110010001100000001
0000001111010010001000100011010100000001
0000001111001010001000110010001100000001
0000001111000010000111110010001100000001
0000001110111010001000000010001100000001
0000001110110010001000010010001100000001
0000000000000000000000000000000000000001
0000001111011000000000001110001000000001
0000010000100000000000001111001000000001
0000001101111010000111100010000000000001
0000001110100000000000001110001000000001
0000001110100000000000001100000000000001
0000001100011001000010000010000000000001
0000001111110000000000001110001000000001
0000010000110010001000100010000100000001
0000010000101010001000110010001100000001
0000010000000010001000100011010100000001
0000001111111010001000110010001100000001
0000001111110010000111110010001100000001
0000001111101010001000000010001100000001
0000001111100010001000010010001100000001
0000000000000000000000000000000000000001
0000010000001000000000001110001000000001
0000010000111000000000001111001000000001
0000001100110001000010000010000000000001
0000001101000001000010000010001001000001
0000001110010000000000001110001000000001
0000001101000001000010000010000000000001
0000001110010010011111100010001000000001
0000001101001000000000001110001000000001
1111111111110001000010000010000000000001
0000001101001001000010000010001001000001
0000001101011000000000001110001000000001
0000001101001000000000001100000000000001
0000001111011111111111110010000000000001
0000001101011000000000001100000000000001
0000010000001111111111110010001000000001
0000001110101000000000001110001000000001
0000001100110001000010000010000000000001
0000001110000001000010000010001001000001
0000000000000000000000000000000000000001
0000001100111000000000001111000000000001
0000000011010001000010000010000000000001
0000010001001000000000001110001000000001
1111111111101001000010000010000000000001
0000010010100000000000001110001000000001
0000010001000001000010000010000000000001
0000010001001001000010000010001001001001
1111111111110001000010000010000000100110
0000010010100000000000001110001000000001
0000010001100001000010000010000000000001
1111111111110010111000010010001001001001
0000010001000001000010000010000000000001
0000010010000001000010000010000000100101
0000010010001000000000001110001000000001
0000010001110001000010000010000000000001
1111111111110010111000010010001001001001
0000010001000001000010000010000000000001
0000010010010001000010000010000000100101
0000010010011000000000001110001000000001
0000010010101001000010000010000000000001
0000000000000000000000000000000000000001
0000000101110000000000001111000000000001
0000000101110001000010000010000000000001
1111111111110010111000010010001001001001
0000010010100001000010000010000000000001
1111111111101001000010000010000000100101
0000010010100000000000001110001000000001
0000010001000001000010000010000000000001
0000010001001000000000001110001000100101
0000010010001010100000000010000000000001
0000010010111000000000001110001000000001
0000010010111000000000001100000000000001
0000001110101001000010000010000000000001
0000010011100000000000001110001000000001
0000010100111010100001000010000100000001
0000010100110010100001010010001100000001
0000010011110010100001000011010100000001
0000010011101010100001010010001100000001
0000010011100010100000010010001100000001
0000010011011010100000100010001100000001
0000010011010010100000110010001100000001
0000000000000000000000000000000000000001
0000010011111000000000001110001000000001
0000010101000000000000001111001000000001
0000010010011010100000000010000000000001
0000010011000000000000001110001000000001
0000010011000000000000001100000000000001
0000001110101001000010000010000000000001
0000010100010000000000001110001000000001
0000010101010010100001000010000100000001
0000010101001010100001010010001100000001
0000010100100010100001000011010100000001
0000010100011010100001010010001100000001
0000010100010010100000010010001100000001
0000010100001010100000100010001100000001
0000010100000010100000110010001100000001
0000000000000000000000000000000000000001
0000010100101000000000001110001000000001
0000010101011000000000001111001000000001
0000010001010001000010000010000000000001
0000010001100001000010000010001001000001
0000010010110000000000001110001000000001
0000010001100001000010000010000000000001
0000010010110010111000000010001000000001
0000010001101000000000001110001000000001
1111111111110001000010000010000000000001
0000010001101001000010000010001001000001
0000010001111000000000001110001000000001
0000010001101000000000001100000000000001
0000010011111111111111110010000000000001
0000010001111000000000001100000000000001
0000010100101111111111110010001000000001
0000010011001000000000001110001000000001
0000010001010001000010000010000000000001
0000010010100001000010000010001001000001
0000000000000000000000000000000000000001
0000010001011000000000001111000000000001
0000001001110001000010000010000000000001
0000010101101000000000001110001000000001
0000001100011001000010000010000000000001
0000010101110000000000001110001000000001
0000000101111000000000001100000000000001
0000000000000111111111111010000000000001
0000000000000000000000000000000000000001
0000010101101001000010000010000010000001
0000010101100000000000001110001000000001
0000001001110001000010000010000000000001
0000010110010000000000001110001000000001
0000001001111001000010000010000000000001
0000010110011000000000001110001000000001
0000010101100001000010000010000000000001
0000010110100000000000001110001000000001
0000010101100001000010000010000000000001
0000010110101000000000001110001000000001
0000000011011001000001110010000000000001
0000010110001000000000001110001000000001
0000010110001000000000001100000000000001
0000000000000111111111111010000000000001
0000000000000000000000000000000000000001
0000010110010001000010000010000010000001
0000010101111000000000001110001000000001
0000010110011001000010000010000010000001
0000010110000000000000001110001000000001
0000001001111001000010000010000000000001
0000010110111000000000001110001000000001
0000010011001001000010000010000000000001
0000010111000000000000001110001000000001
0000000101111000000000001100000000000001
0000000000000111111111111010000000000001
0000000000000000000000000000000000000001
0000010110111001000010000010000010000001
0000010110110000000000001110001000000001
0000010110110010111000100010000000000001
0000010111001000000000001110001000000001
0000001001110001000010000010000000000001
0000010111100000000000001110001000000001
0000001001111001000010000010000000000001
0000010111101000000000001110001000000001
0000010111001001000010000010000000000001
0000010111110000000000001110001000000001
0000010111001001000010000010000000000001
0000010111111000000000001110001000000001
0000000011100001000001110010000000000001
0000010110001000000000001110001000000001
0000010110001000000000001100000000000001
0000000000000111111111111010000000000001
0000000000000000000000000000000000000001
0000010111100001000010000010000010000001
0000010111010000000000001110001000000001
0000010111101001000010000010000010000001
0000010111011000000000001110001000000001
0000001000101001000010000010000000000001
0000011000010001000010000010001001000001
0000011000110000000000001110001000000001
0000011000100001000010000010000000000001
0000011000010001000010000011010000000001
0000011000110010111000110010001000000001
0000011000011000000000001110001000000001
0000011000011000000000001100000000000001
0000011000101000000000001111001000000001
0000010101111111111111110010000000000001
0000011000000000000000001110001000000001
0000010110000111111111110010000000000001
0000011000001000000000001110001000000001
0000011000001010111001000010000000000001
0000011000111000000000001110001000000001
0000000000000000000000000000000000000001
0000011000000010111001010010000000000001
0000011001000000000000001110001000000001
0000000000000000000000000000000000000001
0000010111010010111001100010000000000001
0000011001001000000000001110001000000001
0000000000000000000000000000000000000001
0000010111011010111001110010000000000001
0000011001010000000000001110001000000001
0000000000000000000000000000000000000001
1111111111110010111010000010000000000001
0000011001101001000010000010001001000001
0000011010001000000000001110001000000001
0000011001111001000010000010000000000001
0000011001101001000010000011010000000001
0000011010001010111010010010001000000001
0000011001110000000000001110001000000001
0000011001110000000000001100000000000001
0000011010000000000000001111001000000001
0000000000000000000000000000000000000001
0000011001000111111111110010000000000001
0000011001011000000000001110001000000001
0000011000111111111111110010000000000001
0000011001100000000000001110001000000001
0000000000000000000000000000000000000001
1111111111110010111010100010000000000001
0000011010100001000010000010001001000001
0000011011000000000000001110001000000001
0000011010110001000010000010000000000001
0000011010100001000010000011010000000001
0000011011000010111010110010001000000001
0000011010101000000000001110001000000001
0000011010101000000000001100000000000001
0000011010111000000000001111001000000001
0000000000000000000000000000000000000001
0000011001001111111111110010000000000001
0000011010010000000000001110001000000001
0000011001010111111111110010000000000001
0000011010011000000000001110001000000001
0000000000000000000000000000000000000001
0000001100010001000010000010000000000001
0000011011100001000010000010001001000001
0000011100000000000000001110001000000001
0000011011110001000010000010000000000001
0000011011100001000010000011010000000001
0000011100000010111011000010001000000001
0000011011101000000000001110001000000001
0000011011101000000000001100000000000001
0000011011111000000000001111001000000001
0000011001011111111111110010000000000001
0000011100100000000000001110001000000001
0000011001100111111111110010000000000001
0000011011001000000000001110001000000001
0000011010010111111111110010000000000001
0000011011010000000000001110001000000001
0000011010011111111111110010000000000001
0000011011011000000000001110001000000001
0000011011001010111011010010000000000001
0000011100001000000000001110001000000001
0000011101001010111100010010000000000001
0000011101000010111100100010001000000001
0000011100110010111100010011010000000001
0000011100101010111100100010001000000001
0000011100100010111011100010001000000001
0000011100011010111011110010001000000001
0000011100010010111100000010001000000001
0000000000000000000000000000000000000001
0000011100111000000000001110001000000001
0000011101010000000000001111001000000001
0000011101111010111101100010000000000001
0000011101110010111101110010001000000001
0000011101100010111101100011010000000001
0000011101011010111101110010001000000001
0000011100111010111100110010001000000001
0000011100110010111101000010001000000001
0000011100101010111101010010001000000001
0000000000000000000000000000000000000001
0000011101101000000000001110001000000001
0000011110000000000000001111001000000001
0000011110101010111110110010000000000001
0000011110100010111111000010001000000001
0000011110010010111110110011010000000001
0000011110001010111111000010001000000001
0000011101101010111110000010001000000001
0000011101100010111110010010001000000001
0000011101011010111110100010001000000001
0000000000000000000000000000000000000001
0000011110011000000000001110001000000001
0000011110110000000000001111001000000001
1111111111110010111111010010000000000001
0000011111000001000010000010001001000001
0000011111100000000000001110001000000001
0000011111010001000010000010000000000001
0000011111000001000010000011010000000001
0000011111100010111111100010001000000001
0000011111001000000000001110001000000001
0000011111001000000000001100000000000001
0000011111011000000000001111001000000001
0000000000000000000000000000000000000001
0000011011010111111111110010000000000001
0000011110111000000000001110001000000001
0000000000000000000000000000000000000001
0000011100001001000010000010000000000001
1111111101110000000000000000001000000001
0000011111110011000000100010000000000001
0000011111101011000000110010001000000001
0000011110011010111111110010001000000001
0000011110010011000000000010001000000001
0000011110001011000000010010001000000001
0000011111111000000000001110001000000001
1111111111110011000001000010000000000001
0000100000001001000010000010001001000001
0000100000101000000000001110001000000001
0000100000011001000010000010000000000001
0000100000001001000010000011010000000001
0000100000101011000001010010001000000001
0000100000010000000000001110001000000001
0000100000010000000000001100000000000001
0000100000100000000000001111001000000001
0000000000000000000000000000000000000001
0000011011011111111111110010000000000001
0000100000000000000000001110001000000001
0000000000000000000000000000000000000001
0000001010110001000010000010000000000001
0000100000111001000010000010001001000001
0000100001011000000000001110001000000001
0000100001001001000010000010000000000001
0000100000111001000010000011010000000001
0000100001011011000001100010001000000001
0000100001000000000000001110001000000001
0000100001000000000000001100000000000001
0000100001010000000000001111001000000001
0000100000000111111111110010000000000001
0000100000110000000000001110001000000001
0000011111111001000010000010000000000001
1111111101101000000000000000001000000001
1111111111110011000001110010000000000001
0000100001100001000010000010001001000001
0000100010000000000000001110001000000001
0000100001110001000010000010000000000001
0000100001100001000010000011010000000001
0000100010000001000101000010001000000001
0000100001101000000000001110001000000001
0000100001101000000000001100000000000001
0000100001111000000000001111001000000001
0000011110111111111111110010000000000001
0000100000110111111111110010001000000001
0000000000000000000000000000000000000001
0000100010100000000000001110001000000001
0000001000110011000010000010000000000001
0000100010001000000000001110001000000001
0000100010001000000000001100000000000001
0000000000000000000000000000000000000001
0000100011001011000011000010000100000001
0000100011000011000011010010001100000001
0000100010110011000011000011010100000001
0000100010101011000011010010001100000001
0000100010100011000010010010001100000001
0000100010011011000010100010001100000001
0000100010010011000010110010001100000001
0000000000000000000000000000000000000001
0000100010111000000000001110001000000001
0000100011010000000000001111001000000001
0000100011100011100111010010000000000001
0000100011011011100111100010001000000001
0000100010100011100110100010001000000001
0000100010011011100110110010001000000001
0000100010010011100111000010001000000001
0000100011101000000000001110001000000001
0000100011111011101000100010000000000001
0000100011110011101000110010001000000001
0000100011101011100111110010001000000001
0000100011100011101000000010001000000001
0000100011011011101000010010001000000001
0000100100000000000000001110001000000001
0000100100010011101001110010000000000001
0000100100001011101010000010001000000001
0000100100000011101001000010001000000001
0000100011111011101001010010001000000001
0000100011110011101001100010001000000001
0000100100011000000000001110001000000001
0000100100101011101011000010000000000001
0000100100100011101011010010001000000001
0000100010111011101010010010001000000001
0000100010110011101010100010001000000001
0000100010101011101010110010001000000001
0000100100110000000000001110001000000001
0000100010111000000000001100000000000001
0000100010111111111111110010000000000001
0000000000000000000000000000000000000001
0000000100101000000000001110001000000001
0000000100110000000000001111001000000001
0000100101001001000010000010000000000001
0000100101001011101011100010001001000001
0000000100110011101011100010001000000001
0000100100111001000010000011010000000001
0000100100111011101011100010001001000001
0000000100101011101011100010001000000001
0000000000000000000000000000000000000001
0000100101000000000000001110001000000001
0000100101010000000000001111001000000001
0000100101000001000011000010000000000001
0000100101011000000000001111001000000001
0000100010111001000010000010000000000001
0000100101101000000000001110001000000001
0000100010111001000010000010000000000001
0000100010111001000011000010000000000001
0000100101100000000000001111001000000001
0000100101100001000001000010000000000001
0000100101011001000010000010000000000001
0000100101010001000010000010000000000001
0000100110010011101100010010000000000001
0000100110000001000010000010001000000001
0000100110001000000000001110001000000001
0000100110001001000010000010000001000001
0000100101101001000010000010001000000001
0000100101110000000000001100000000000001
0000100110010111111111110010001001000001
0000101000101000000000001110001000000001
0000000000000000000000000000000000000001
0000101000101011101100010010000000000001
0000100110010001000010000010001000000001
0000100110011000000000001110001000000001
0000100110111011101101010010000000000001
0000100110110011101101100010001000000001
0000101000101011101100100010001000000001
0000100110101011101100110010001000000001
0000100110100011101101000010001000000001
0000100111000000000000001110001000000001
0000100111000000000000001100000000000001
0000100111000111111111110010000000000001
0000000000000000000000000000000000000001
0000100111110000000000001110001000000001
0000100111111000000000001111001000000001
0000100111011001000010000010000000000001
0000100111011011110110000010001001000001
0000100111111011110110000010001000000001
0000100111001001000010000011010000000001
0000100111001011110110000010001001000001
0000100111110011110110001000001000000001
0000100111110011110110000010001000000001
0000000000000000000000000000000000000001
0000100111010000000000001110001000000001
0000100111100000000000001111001000000001
0000101000000000000000001111011000000001
0000101000000001000110100010000000000001
0000000000000000000000000000000000000001
0000101000001000000000001110001000000001
0000101000010000000000001111001000000001
0000101000001000000000001100000000000001
0000000000000000000000000000000000000001
0000000000000011101110001010000100000001
1111111111100001000010000010000000000001
0000000000000011101101111010000100000001
1111111111100001000010000010001001000001
0000100111101000000000001110001000000001
0000101000010000000000001100000000000001
0000100111101111111111110010000000000001
1111111111100001000010000010001000000001
0000100101111000000000001110001000000001
0000101000111011110111000010000000000001
0000101000110011110111010010001000000001
0000101000101011110110010010001000000001
0000101000100011110110100010001000000001
0000101000011011110110110010001000000001
0000101001000000000000001110001000000001
1111111111110011110111100010000000000001
0000101001010001000010000010001001000001
0000101001110000000000001110001000000001
0000101001100001000010000010000000000001
0000101001010001000010000011010000000001
0000101001110011110111110010001000000001
0000101001011000000000001110001000000001
0000101001011000000000001100000000000001
0000101001101000000000001111001000000001
0000000000000000000000000000000000000001
0000100100011111111111110010000000000001
0000101001001000000000001110001000000001
0000000000000000000000000000000000000001
0000100010111011111000000010000000000001
0000100100110011111000010010001000000001
0000101001000011111000100010001000000001
0000101010010000000000001110001000000001
0000101001001011111000110010000000000001
0000101001111000000000001110001000000001
0000000000000000000000000000000000000001
0000101010111011111001110010000000000001
0000101010110011111010000010001000000001
0000101010100011111001110011010000000001
0000101010011011111010000010001000000001
0000101010010011111001000010001000000001
0000101010001011111001010010001000000001
0000101010000011111001100010001000000001
0000000000000000000000000000000000000001
0000101010101000000000001110001000000001
0000101011000000000000001111001000000001
0000101011101011111011000010000000000001
0000101011100011111011010010001000000001
0000101011010011111011000011010000000001
0000101011001011111011010010001000000001
0000101010101011111010010010001000000001
0000101010100011111010100010001000000001
0000101010011011111010110010001000000001
0000000000000000000000000000000000000001
0000101011011000000000001110001000000001
0000101011110000000000001111001000000001
0000101100011011111100010010000000000001
0000101100010011111100100010001000000001
0000101100000011111100010011010000000001
0000101011111011111100100010001000000001
0000101011011011111011100010001000000001
0000101011010011111011110010001000000001
0000101011001011111100000010001000000001
0000000000000000000000000000000000000001
0000101100001000000000001110001000000001
0000101100100000000000001111001000000001
0000101001111001000010000010000000000001
1111111101111000000000000000001000000001
0000101100110011111101100010000000000001
0000101100101011111101110010001000000001
0000101100001011111100110010001000000001
0000101100000011111101000010001000000001
0000101011111011111101010010001000000001
0000101100111000000000001110001000000001
0000101101001011111110110010000000000001
0000101101000011111111000010001000000001
0000101100111011111110000010001000000001
0000101100110011111110010010001000000001
0000101100101011111110100010001000000001
0000101101010000000000001110001000000001
0000101101100100000000000010000000000001
0000101101011100000000010010001000000001
0000101101010011111111010010001000000001
0000101101001011111111100010001000000001
0000101101000011111111110010001000000001
0000101101101000000000001110001000000001
1111111111110100000000100010000000000001
0000101101111001000010000010001001000001
0000101110011000000000001110001000000001
0000101110001001000010000010000000000001
0000101101111001000010000011010000000001
0000101110011100000000110010001000000001
0000101110000000000000001110001000000001
0000101110000000000000001100000000000001
0000101110010000000000001111001000000001
0000000000000000000000000000000000000001
0000101101101111111111110010000000000001
0000101101110000000000001110001000000001
0000000000000000000000000000000000000001
0000101101110000000000001100000000000001
0000101101110111111111110010000000000001
0000000000000000000000000000000000000001
0000000100101000000000001110001000000001
0000000100110000000000001111001000000001
0000101110110001000010000010000000000001
0000101110110100000001000010001001000001
0000000100110100000001000010001000000001
0000101110100001000010000011010000000001
0000101110100100000001000010001001000001
0000000100101100000001000010001000000001
0000000000000000000000000000000000000001
0000101110101000000000001110001000000001
0000101110111000000000001111001000000001
0000101110101001000011000010000000000001
0000101111000000000000001111001000000001
0000101101110001000010000010000000000001
0000101111010000000000001110001000000001
0000101101110001000010000010000000000001
0000101101110001000011000010000000000001
0000101111001000000000001111001000000001
0000101111001001000001000010000000000001
0000101111000001000010000010000000000001
0000101110111001000010000010000000000001
0000101111010001000010000010000000000001
1111111110000000000000000000001000000001
0000000000000000000000000000000000000001
0000000000000000000000000000000000000001
0000000000000000000000000000000000000001
0000000000000000000000000000000000000001
0000000000000000000000000000000000000001
0000000000000000000000000000000000000001
0000000000000000000000000000000000000001
0000000000000000000000000000000000000001
0000000000000000000000000000000000000001
0000000000000000000000000000000000000001
0000000000000000000000000000000000000001
0000000000000000000000000000000000000001
0000000000000000000000000000000000000001
0000000000000000000000000000000000000001
0000000000000000000000000000000000000001
0000000000000000000000000000000000000001
0000000000000000000000000000000000000001
0000000000000000000000000000000000000001
0000000000000000000000000000000000000001
0000000000000000000000000000000000000001
0000000000000000000000000000000000000001
0000000000000000000000000000000000000001
0000000000000000000000000000000000000001
0000000000000000000000000000000000000001
0000000000000000000000000000000000000001
0000000000000000000000000000000000000001
0000000000000000000000000000000000000001
0000000000000000000000000000000000000001
0000000000000000000000000000000000000001
0000000000000000000000000000000000000001
0000000000000000000000000000000000000001
0000000000000000000000000000000000000001
0000000000000000000000000000000000000001
0000000000000000000000000000000000000001
0000000000000000000000000000000000000001
0000000000000000000000000000000000000001
0000000000000000000000000000000000000001
0000000000000000000000000000000000000001
0000000000000000000000000000000000000001
0000000000000000000000000000000000000001
0000000000000000000000000000000000000001
0000000000000000000000000000000000000001
0000000000000000000000000000000000000001
0000000000000000000000000000000000000001
0000000000000000000000000000000000000001
0000000000000000000000000000000000000001
0000000000000000000000000000000000000001
0000000000000000000000000000000000000001
0000000000000000000000000000000000000001
0000000000000000000000000000000000000001
0000000000000000000000000000000000000001
0000000000000000000000000000000000000001
0000000000000000000000000000000000000001
0000000000000000000000000000000000000001
0000000000000000000000000000000000000001
0000000000000000000000000000000000000001
0000000000000000000000000000000000000001
0000000000000000000000000000000000000001
0000000000000000000000000000000000000001
0000000000000000000000000000000000000001
0000000000000000000000000000000000000001
0000000000000000000000000000000000000001
0000000000000000000000000000000000000001
0000000000000000000000000000000000000001
0000000000000000000000000000000000000001
0000000000000000000000000000000000000001
0000000000000000000000000000000000000001
0000000000000000000000000000000000000001
0000000000000000000000000000000000000001
0000000000000000000000000000000000000001
0000000000000000000000000000000000000001
0000000000000000000000000000000000000001
0000000000000000000000000000000000000001
0000000000000000000000000000000000000001
0000000000000000000000000000000000000001
0000000000000000000000000000000000000001
0000000000000000000000000000000000000001
0000000000000000000000000000000000000001
0000000000000000000000000000000000000001
0000000000000000000000000000000000000001
0000000000000000000000000000000000000001
0000000000000000000000000000000000000001
0000000000000000000000000000000000000001
0000000000000000000000000000000000000001
0000000000000000000000000000000000000001
0000000000000000000000000000000000000001
0000000000000000000000000000000000000001
0000000000000000000000000000000000000001
0000000000000000000000000000000000000001
0000000000000000000000000000000000000001
0000000000000000000000000000000000000001
0000000000000000000000000000000000000001
0000000000000000000000000000000000000001
0000000000000000000000000000000000000001
0000000000000000000000000000000000000001
0000000000000000000000000000000000000001
0000000000000000000000000000000000000001
0000000000000000000000000000000000000001
0000000000000000000000000000000000000001
0000000000000000000000000000000000000001
0000000000000000000000000000000000000001
0000000000000000000000000000000000000001
0000000000000000000000000000000000000001
0000000000000000000000000000000000000001
0000000000000000000000000000000000000001
0000000000000000000000000000000000000001
0000000000000000000000000000000000000001
0000000000000000000000000000000000000001
0000000000000000000000000000000000000001
0000000000000000000000000000000000000001
0000000000000000000000000000000000000001
0000000000000000000000000000000000000001
0000000000000000000000000000000000000001
0000000000000000000000000000000000000001
0000000000000000000000000000000000000001
0000000000000000000000000000000000000001
0000000000000000000000000000000000000001
0000000000000000000000000000000000000001
0000000000000000000000000000000000000001
0000000000000000000000000000000000000001
0000000000000000000000000000000000000001
0000000000000000000000000000000000000001
0000000000000000000000000000000000000001
0000000000000000000000000000000000000001
0000000000000000000000000000000000000001
0000000000000000000000000000000000000001
0000000000000000000000000000000000000001
0000000000000000000000000000000000000001
0000000000000000000000000000000000000001
0000000000000000000000000000000000000001
0000000000000000000000000000000000000001
0000000000000000000000000000000000000001
0000000000000000000000000000000000000001
0000000000000000000000000000000000000001
0000000000000000000000000000000000000001
0000000000000000000000000000000000000001
0000000000000000000000000000000000000001
0000000000000000000000000000000000000001
0000000000000000000000000000000000000001
0000000000000000000000000000000000000001
0000000000000000000000000000000000000001
0000000000000000000000000000000000000001
0000000000000000000000000000000000000001
0000000000000000000000000000000000000001
0000000000000000000000000000000000000001
0000000000000000000000000000000000000001
0000000000000000000000000000000000000001
0000000000000000000000000000000000000001
0000000000000000000000000000000000000001
0000000000000000000000000000000000000001
0000000000000000000000000000000000000001
0000000000000000000000000000000000000001
0000000000000000000000000000000000000001
0000000000000000000000000000000000000001
0000000000000000000000000000000000000001
